(Intercept) covarage covarsex covarpcs.V3 covarpcs.V4 proband paternal maternal
(Intercept) 0.000533704172072465 0.000159683794157369 1.0218845511296e-05 1.59299216926187e-05 1.26737805847177e-05 -9.38090992922704e-08 -1.21783314900729e-06 -5.28831985273718e-06
covarage 0.000159683794157369 0.000545118448272383 2.48982443725945e-05 7.42461675719234e-06 2.75206338402701e-05 1.48768270474659e-05 8.49258753600342e-06 -7.26948512757033e-06
covarsex 1.0218845511296e-05 2.48982443725945e-05 0.000422473703403933 -7.38234663484031e-06 6.41610536611015e-06 7.57727183350655e-06 -2.63960672816679e-06 1.32112267822011e-05
covarpcs.V3 1.59299216926187e-05 7.42461675719234e-06 -7.38234663484031e-06 0.000482863225983174 4.5038489757952e-05 -1.09927848544863e-06 1.30149670112936e-05 1.96565853462113e-05
covarpcs.V4 1.26737805847177e-05 2.75206338402701e-05 6.41610536611015e-06 4.5038489757952e-05 0.000458704091075905 -1.22454293564846e-05 6.6407635458196e-07 6.01257081268179e-06
proband -9.38090992922704e-08 1.48768270474659e-05 7.57727183350655e-06 -1.09927848544863e-06 -1.22454293564846e-05 0.00102522917651574 -0.000638156310937122 -0.000563205295952045
paternal -1.21783314900729e-06 8.49258753600342e-06 -2.63960672816679e-06 1.30149670112936e-05 6.6407635458196e-07 -0.000638156310937122 0.00125587170696599 6.79037743156272e-05
maternal -5.28831985273718e-06 -7.26948512757033e-06 1.32112267822011e-05 1.96565853462113e-05 6.01257081268179e-06 -0.000563205295952045 6.79037743156272e-05 0.0011217669654222
