(Intercept) covarage covarsex covarpcs.V3 covarpcs.V4 proband
(Intercept) 0.000514519100966046 0.000144394886861271 8.43185487664424e-06 1.76140680896886e-05 7.51678542545347e-06 -1.66998277651802e-06
covarage 0.000144394886861271 0.00052747212213481 2.32237762316419e-05 8.58509324611524e-06 2.26660133002435e-05 1.49989039178039e-05
covarsex 8.43185487664424e-06 2.32237762316419e-05 0.000410133957840606 -8.11015611539987e-06 4.1565465586419e-06 1.13861734249846e-05
covarpcs.V3 1.76140680896886e-05 8.58509324611524e-06 -8.11015611539987e-06 0.000464377837711364 3.95695236340555e-05 1.40241902351569e-05
covarpcs.V4 7.51678542545347e-06 2.26660133002435e-05 4.1565465586419e-06 3.95695236340555e-05 0.000440699448860146 -8.71264898469661e-06
proband -1.66998277651802e-06 1.49989039178039e-05 1.13861734249846e-05 1.40241902351569e-05 -8.71264898469661e-06 0.000438159466615223
