(Intercept) covarage covarsex covarpcs.V3 covarpcs.V4 proband
(Intercept) 0.000533571032997546 0.000159675127198509 1.02717936580596e-05 1.60076840832698e-05 1.27288756093866e-05 -2.6794101894917e-06
covarage 0.000159675127198509 0.00054482169806656 2.50157855826122e-05 7.50203861912967e-06 2.7590167937778e-05 1.47010609764244e-05
covarsex 1.02717936580596e-05 2.50157855826122e-05 0.00042218189210644 -7.58084822675344e-06 6.39452031176497e-06 1.20731277655332e-05
covarpcs.V3 1.60076840832698e-05 7.50203861912967e-06 -7.58084822675344e-06 0.000482402466369988 4.50147926311594e-05 1.44963679039231e-05
covarpcs.V4 1.27288756093866e-05 2.7590167937778e-05 6.39452031176497e-06 4.50147926311594e-05 0.000458648727998575 -9.20027405306117e-06
proband -2.6794101894917e-06 1.47010609764244e-05 1.20731277655332e-05 1.44963679039231e-05 -9.20027405306117e-06 0.00044990590341179
