(Intercept) covarage covarsex covarpcs.V3 covarpcs.V4 proband paternal maternal
(Intercept) 0.000533704476319522 0.000159684524234775 1.02191640144661e-05 1.59295327817979e-05 1.26734986016167e-05 -9.26551827290201e-08 -1.21947972342482e-06 -5.28860007365476e-06
covarage 0.000159684524234775 0.000545118458448941 2.48981995535399e-05 7.42448833112398e-06 2.75202865371508e-05 1.48776606489411e-05 8.49089850340398e-06 -7.26967111891141e-06
covarsex 1.02191640144661e-05 2.48981995535399e-05 0.000422472732381931 -7.38214091668737e-06 6.4161055322157e-06 7.57667506679696e-06 -2.63898251110619e-06 1.32116458992989e-05
covarpcs.V3 1.59295327817979e-05 7.42448833112398e-06 -7.38214091668737e-06 0.000482862516562239 4.50375683171399e-05 -1.09993616926028e-06 1.30152950305325e-05 1.96567980488946e-05
covarpcs.V4 1.26734986016167e-05 2.75202865371508e-05 6.4161055322157e-06 4.50375683171399e-05 0.000458702125717134 -1.22455831651229e-05 6.6367339099231e-07 6.012785377718e-06
proband -9.26551827290201e-08 1.48776606489411e-05 7.57667506679696e-06 -1.09993616926028e-06 -1.22455831651229e-05 0.00102522187480991 -0.000638149769004803 -0.000563200678524746
paternal -1.21947972342482e-06 8.49089850340398e-06 -2.63898251110619e-06 1.30152950305325e-05 6.6367339099231e-07 -0.000638149769004803 0.00125586132948639 6.79031307837082e-05
maternal -5.28860007365476e-06 -7.26967111891141e-06 1.32116458992989e-05 1.96567980488946e-05 6.012785377718e-06 -0.000563200678524746 6.79031307837082e-05 0.00112175930773657
