(Intercept) covarage covarsex covarpcs.V3 covarpcs.V4 proband
(Intercept) 0.000533566289460783 0.000159672697574146 1.02718107727386e-05 1.6007447113349e-05 1.27288702340384e-05 -2.67926776098313e-06
covarage 0.000159672697574146 0.000544817974656335 2.50155410845359e-05 7.50215938025276e-06 2.75903894986506e-05 1.47012501107047e-05
covarsex 1.02718107727386e-05 2.50155410845359e-05 0.000422179556459248 -7.58077265616283e-06 6.3945866555776e-06 1.20734474170272e-05
covarpcs.V3 1.6007447113349e-05 7.50215938025276e-06 -7.58077265616283e-06 0.000482401782396244 4.50150056941214e-05 1.44965231819617e-05
covarpcs.V4 1.27288702340384e-05 2.75903894986506e-05 6.3945866555776e-06 4.50150056941214e-05 0.000458648855244266 -9.20034167075867e-06
proband -2.67926776098313e-06 1.47012501107047e-05 1.20734474170272e-05 1.44965231819617e-05 -9.20034167075867e-06 0.000449902738382638
