(Intercept) covarage covarsex covarage_sex covarPC_3 covarPC_4 proband paternal maternal
(Intercept) 0.00710092911732931 0.00608139467271421 0.0019658012404874 -0.00502634792079177 0.000179948780877032 7.80995579126193e-05 -0.0003214210993245 3.34025746544143e-05 -2.58889755575408e-06
covarage 0.00608139467271421 0.00906888718436588 0.00690218366473121 -0.0146292532428104 5.20076958874359e-05 4.51249419974423e-05 -6.47018144464757e-05 2.04318703942079e-05 2.8757094443043e-05
covarsex 0.0019658012404874 0.00690218366473121 0.00956551936728518 -0.0173507628121954 -3.84679504915729e-05 3.09836027118775e-05 -4.32282137534732e-05 -1.23534684617859e-05 6.9540840005715e-06
covarage_sex -0.00502634792079177 -0.0146292532428104 -0.0173507628121954 0.0354379261874754 5.56839198833603e-05 2.03933895821816e-05 4.82324374335907e-05 -1.60262089996567e-05 4.2729554707931e-06
covarPC_3 0.000179948780877032 5.20076958874359e-05 -3.84679504915729e-05 5.56839198833603e-05 0.00120996513827816 3.80558072773861e-05 3.62505796958946e-05 -2.89430665004675e-05 -9.31608515600632e-06
covarPC_4 7.80995579126193e-05 4.51249419974423e-05 3.09836027118775e-05 2.03933895821816e-05 3.80558072773861e-05 0.00121320421227083 -1.21776427989918e-05 -2.25564593910449e-06 -7.10972669493684e-06
proband -0.0003214210993245 -6.47018144464757e-05 -4.32282137534732e-05 4.82324374335907e-05 3.62505796958946e-05 -1.21776427989918e-05 0.00255172909261659 -0.00165933605444666 -0.00150575374876145
paternal 3.34025746544143e-05 2.04318703942079e-05 -1.23534684617859e-05 -1.60262089996567e-05 -2.89430665004675e-05 -2.25564593910449e-06 -0.00165933605444666 0.00265104433019891 0.000685793497253382
maternal -2.58889755575408e-06 2.8757094443043e-05 6.9540840005715e-06 4.2729554707931e-06 -9.31608515600632e-06 -7.10972669493684e-06 -0.00150575374876145 0.000685793497253382 0.00232189122251283
