(Intercept) covarage covarsex covarage_sex covarPC_3 covarPC_4 proband
(Intercept) 0.00710048751828644 0.00608130560796073 0.00196595376025799 -0.0050257721526099 0.000179981123226573 7.83906528264706e-05 -0.00030620556065776
covarage 0.00608130560796073 0.00906901480565037 0.00690286069323729 -0.0146301284208092 5.1684074943764e-05 4.53533831150224e-05 -4.0039886145077e-05
covarsex 0.00196595376025799 0.00690286069323729 0.00956643999205583 -0.017352539094625 -3.92160448272025e-05 3.0908981726187e-05 -4.56506742504691e-05
covarage_sex -0.0050257721526099 -0.0146301284208092 -0.017352539094625 0.0354402977790133 5.65492382761539e-05 2.06532350046812e-05 4.21885540908222e-05
covarPC_3 0.000179981123226573 5.1684074943764e-05 -3.92160448272025e-05 5.65492382761539e-05 0.00120964379390584 3.80844817686076e-05 1.71192654788554e-05
covarPC_4 7.83906528264706e-05 4.53533831150224e-05 3.0908981726187e-05 2.06532350046812e-05 3.80844817686076e-05 0.00121300104526452 -1.69209248954454e-05
proband -0.00030620556065776 -4.0039886145077e-05 -4.56506742504691e-05 4.21885540908222e-05 1.71192654788554e-05 -1.69209248954454e-05 0.00097286944349575
