(Intercept) covarage covarsex covarage_sex covarPC_3 covarPC_4 proband
(Intercept) 0.00710048751828643 0.00608130560796072 0.00196595376025799 -0.00502577215260989 0.000179981123226573 7.83906528264706e-05 -0.00030620556065776
covarage 0.00608130560796072 0.00906901480565036 0.00690286069323728 -0.0146301284208091 5.1684074943764e-05 4.53533831150224e-05 -4.0039886145077e-05
covarsex 0.00196595376025799 0.00690286069323728 0.0095664399920558 -0.0173525390946249 -3.92160448272023e-05 3.0908981726187e-05 -4.5650674250469e-05
covarage_sex -0.00502577215260989 -0.0146301284208091 -0.0173525390946249 0.0354402977790132 5.65492382761537e-05 2.06532350046811e-05 4.21885540908222e-05
covarPC_3 0.000179981123226573 5.1684074943764e-05 -3.92160448272023e-05 5.65492382761537e-05 0.00120964379390584 3.80844817686075e-05 1.71192654788554e-05
covarPC_4 7.83906528264706e-05 4.53533831150224e-05 3.0908981726187e-05 2.06532350046811e-05 3.80844817686075e-05 0.00121300104526452 -1.69209248954454e-05
proband -0.00030620556065776 -4.0039886145077e-05 -4.5650674250469e-05 4.21885540908222e-05 1.71192654788554e-05 -1.69209248954454e-05 0.000972869443495749
