(Intercept) covarage covarsex covarage_sex covarPC_3 covarPC_4 proband
(Intercept) 0.0002506108126552 1.92388333963397e-05 -1.472606935315e-05 0.000125581316988719 3.57591220314712e-05 4.18316911129464e-06 -2.63512060559128e-05
covarage 1.92388333963397e-05 0.000371972992003888 0.000538979540155533 -0.000595925454879829 -2.65751064885528e-06 1.55381000715437e-05 1.41625256909066e-07
covarsex -1.472606935315e-05 0.000538979540155533 0.00200577615906353 -0.0021453759693362 -1.26135137989771e-05 1.15129618489013e-05 -5.86112019952887e-06
covarage_sex 0.000125581316988719 -0.000595925454879829 -0.0021453759693362 0.00256149217526331 1.92785490014167e-05 -8.52895828499014e-06 6.09608126071638e-07
covarPC_3 3.57591220314712e-05 -2.65751064885528e-06 -1.26135137989771e-05 1.92785490014167e-05 0.000189467814847902 1.17238976258365e-05 1.2883712966029e-06
covarPC_4 4.18316911129464e-06 1.55381000715437e-05 1.15129618489013e-05 -8.52895828499014e-06 1.17238976258365e-05 0.000209587006367682 -2.11845486846516e-06
proband -2.63512060559128e-05 1.41625256909066e-07 -5.86112019952887e-06 6.09608126071638e-07 1.2883712966029e-06 -2.11845486846516e-06 0.000190504881733038
