(Intercept) covarage covarsex covarage_sex covarPC_3 covarPC_4 proband
(Intercept) 0.000250610817561453 1.92388342933084e-05 -1.4726069580716e-05 0.000125581317143533 3.5759122177686e-05 4.18316921263368e-06 -2.63512061305095e-05
covarage 1.92388342933084e-05 0.00037197300293721 0.000538979554034118 -0.000595925470055547 -2.65751099085805e-06 1.5538100522143e-05 1.41625412188049e-07
covarsex -1.4726069580716e-05 0.000538979554034118 0.00200577619377769 -0.00214537600470067 -1.26135139911898e-05 1.15129623373211e-05 -5.86112053225064e-06
covarage_sex 0.000125581317143533 -0.000595925470055547 -0.00214537600470067 0.00256149221474165 1.92785495109775e-05 -8.52895870916799e-06 6.0960812628174e-07
covarPC_3 3.5759122177686e-05 -2.65751099085805e-06 -1.26135139911898e-05 1.92785495109775e-05 0.00018946782056824 1.17238978744967e-05 1.2883713116566e-06
covarPC_4 4.18316921263368e-06 1.5538100522143e-05 1.15129623373211e-05 -8.52895870916799e-06 1.17238978744967e-05 0.0002095870127518 -2.11845491805269e-06
proband -2.63512061305095e-05 1.41625412188049e-07 -5.86112053225064e-06 6.0960812628174e-07 1.2883713116566e-06 -2.11845491805269e-06 0.000190504886190561
