(Intercept) covarage covarsex covarage_sex covarPC_3 covarPC_4 proband paternal maternal
(Intercept) 0.000250669856867211 1.91537028003297e-05 -1.48027418512226e-05 0.000125644451881169 3.57613392414852e-05 4.20019017186756e-06 -2.42993521236857e-05 1.48030651644463e-06 -5.55402753053508e-06
covarage 1.91537028003297e-05 0.00037214399512071 0.000539143765904393 -0.000596053534584139 -2.58046366058668e-06 1.5476449202655e-05 -2.61735634014229e-06 -4.20615226525556e-06 9.82696815335301e-06
covarsex -1.48027418512226e-05 0.000539143765904393 0.00200618839460346 -0.00214574611185396 -1.25225960576437e-05 1.14972018239841e-05 -3.61634448205859e-06 -1.16807848267427e-05 6.96797868373409e-06
covarage_sex 0.000125644451881169 -0.000596053534584139 -0.00214574611185396 0.00256184437458471 1.91800823379944e-05 -8.53072417778708e-06 -8.17987071684118e-07 8.86065230302419e-06 -5.80372792353012e-06
covarPC_3 3.57613392414852e-05 -2.58046366058668e-06 -1.25225960576437e-05 1.91800823379944e-05 0.000189550763112884 1.17388671692627e-05 1.09476315018683e-06 -8.84138863838864e-07 1.26769158650236e-06
covarPC_4 4.20019017186756e-06 1.5476449202655e-05 1.14972018239841e-05 -8.53072417778708e-06 1.17388671692627e-05 0.000209700487481339 1.09631396495453e-06 -2.74050402523178e-06 -3.7660655170086e-06
proband -2.42993521236857e-05 -2.61735634014229e-06 -3.61634448205859e-06 -8.17987071684118e-07 1.09476315018683e-06 1.09631396495453e-06 0.000513832233941912 -0.000340789118358382 -0.000314698793423668
paternal 1.48030651644463e-06 -4.20615226525556e-06 -1.16807848267427e-05 8.86065230302419e-06 -8.84138863838864e-07 -2.74050402523178e-06 -0.000340789118358382 0.000702184050279294 -1.06972536702465e-05
maternal -5.55402753053508e-06 9.82696815335301e-06 6.96797868373409e-06 -5.80372792353012e-06 1.26769158650236e-06 -3.7660655170086e-06 -0.000314698793423668 -1.06972536702465e-05 0.000648287193057899
