(Intercept) covarage covarsex covarage_sex covarPC_3 covarPC_4 proband
(Intercept) 0.000473830318130747 0.000398294264751819 0.000215993749926704 -0.000428650633366179 2.04786793653361e-05 1.74529609906467e-05 -2.0353687701017e-05
covarage 0.000398294264751819 0.00111081997445735 0.00123368181056244 -0.00178843637769993 3.3242365418183e-06 2.64980912745949e-05 -3.74043801139107e-06
covarsex 0.000215993749926704 0.00123368181056244 0.0024219578042275 -0.00298482033694133 -5.49300488754093e-06 1.89236752463383e-05 -7.83128868707461e-06
covarage_sex -0.000428650633366179 -0.00178843637769993 -0.00298482033694133 0.00422572376369931 9.03074320946257e-06 -1.52496653804472e-05 3.91124695911269e-06
covarPC_3 2.04786793653361e-05 3.3242365418183e-06 -5.49300488754093e-06 9.03074320946257e-06 0.000297775154119406 1.13334415370989e-05 3.36905183548523e-06
covarPC_4 1.74529609906467e-05 2.64980912745949e-05 1.89236752463383e-05 -1.52496653804472e-05 1.13334415370989e-05 0.00031495250948198 -3.6636067254987e-06
proband -2.0353687701017e-05 -3.74043801139107e-06 -7.83128868707461e-06 3.91124695911269e-06 3.36905183548523e-06 -3.6636067254987e-06 0.00027756940721552
