(Intercept) covarage covarsex covarage_sex covarPC_3 covarPC_4 proband
(Intercept) 0.00012419320857378 3.32707135329075e-05 1.66036715523737e-05 -3.70313489853753e-05 1.25579919020495e-05 -1.09974533503242e-06 -7.25721952837366e-06
covarage 3.32707135329075e-05 0.00035975046039414 0.00050492732602466 -0.000576403841447655 -1.32376259032134e-06 9.61969719069378e-06 -8.8678164269317e-07
covarsex 1.66036715523737e-05 0.00050492732602466 0.00122835940597946 -0.0012751790339337 -4.64168239132536e-06 6.33689967056474e-06 -3.28394538827024e-06
covarage_sex -3.70313489853753e-05 -0.000576403841447655 -0.0012751790339337 0.00146736628923791 5.82220593464933e-06 -4.43945375234693e-06 1.75017571903827e-06
covarPC_3 1.25579919020495e-05 -1.32376259032134e-06 -4.64168239132536e-06 5.82220593464933e-06 0.000113717150560381 4.4696288898454e-06 1.15039136444736e-06
covarPC_4 -1.09974533503242e-06 9.61969719069378e-06 6.33689967056474e-06 -4.43945375234693e-06 4.4696288898454e-06 0.00012446289306613 -1.62131945202278e-06
proband -7.25721952837366e-06 -8.8678164269317e-07 -3.28394538827024e-06 1.75017571903827e-06 1.15039136444736e-06 -1.62131945202278e-06 0.000115301816231413
