(Intercept) covarage covarsex covarage_sex covarPC_3 covarPC_4 proband
(Intercept) 0.000427395936724533 -7.75877675954251e-05 0.000553013478067372 -0.000397528434460479 -4.9275343860054e-06 2.59699810332933e-06 -2.75194970952969e-05
covarage -7.75877675954251e-05 0.000583705707268133 0.000965188836675189 -0.00093277180068034 -1.66399683106573e-05 1.56439769156075e-05 5.82787935255618e-06
covarsex 0.000553013478067372 0.000965188836675189 0.00494927248080439 -0.00447601036718024 -1.11117411772812e-05 1.21859464824825e-05 -4.18752790603164e-06
covarage_sex -0.000397528434460479 -0.00093277180068034 -0.00447601036718024 0.00428813333499525 1.46917465934111e-05 -8.95180239796503e-06 -1.6482197377761e-06
covarPC_3 -4.9275343860054e-06 -1.66399683106573e-05 -1.11117411772812e-05 1.46917465934111e-05 0.000226160536622173 2.45381647220656e-06 2.47819336458109e-06
covarPC_4 2.59699810332933e-06 1.56439769156075e-05 1.21859464824825e-05 -8.95180239796503e-06 2.45381647220656e-06 0.000247683932506254 -2.70718359394674e-06
proband -2.75194970952969e-05 5.82787935255618e-06 -4.18752790603164e-06 -1.6482197377761e-06 2.47819336458109e-06 -2.70718359394674e-06 0.000249709226729511
