(Intercept) covarage covarsex covarage_sex covarPC_3 covarPC_4 proband
(Intercept) 9.53081442882794e-05 3.27098027357583e-05 -9.64364358797347e-07 -2.28847230610661e-05 4.68615180344253e-06 1.2912468880134e-06 -5.82178325633453e-06
covarage 3.27098027357583e-05 0.000241351063943455 0.000326816574109734 -0.000386405490955087 -1.93475909167147e-06 7.47589980072523e-06 -6.6901690638913e-07
covarsex -9.64364358797347e-07 0.000326816574109734 0.000735539555165062 -0.000775395019801676 -4.14265761965304e-06 4.00299238630253e-06 -1.32291096701613e-07
covarage_sex -2.28847230610661e-05 -0.000386405490955087 -0.000775395019801676 0.000933765145246122 5.6470198630241e-06 -2.85958616181158e-06 -7.10969966315458e-07
covarPC_3 4.68615180344253e-06 -1.93475909167147e-06 -4.14265761965304e-06 5.6470198630241e-06 8.23749390084444e-05 2.73471976620754e-06 5.79433302547949e-07
covarPC_4 1.2912468880134e-06 7.47589980072523e-06 4.00299238630253e-06 -2.85958616181158e-06 2.73471976620754e-06 8.78833161018349e-05 -1.2608485237572e-06
proband -5.82178325633453e-06 -6.6901690638913e-07 -1.32291096701613e-07 -7.10969966315458e-07 5.79433302547949e-07 -1.2608485237572e-06 8.1509048889974e-05
