(Intercept) covarage covarsex covarage_sex covarPC_3 covarPC_4 proband paternal maternal
(Intercept) 9.53389579799301e-05 3.27084492132927e-05 -9.94385059402047e-07 -2.28630204706917e-05 4.68883987287775e-06 1.27461431781164e-06 -7.51024052510927e-06 2.72056766213554e-06 7.11269540403668e-07
covarage 3.27084492132927e-05 0.000241375676696004 0.000326850314444567 -0.000386432457281372 -1.92745634692464e-06 7.4609803995735e-06 -1.39376454340295e-06 -7.07998059464326e-07 2.17537140480882e-06
covarsex -9.94385059402047e-07 0.000326850314444567 0.000735622905831185 -0.00077546218101547 -4.13519560651428e-06 3.99805431944903e-06 4.75481730006998e-07 -3.49976316752482e-06 2.25676240352335e-06
covarage_sex -2.28630204706917e-05 -0.000386432457281372 -0.00077546218101547 0.00093382254976093 5.64040566065179e-06 -2.85533590719589e-06 -1.06854377598647e-06 2.52851876629382e-06 -1.79443482341633e-06
covarPC_3 4.68883987287775e-06 -1.92745634692464e-06 -4.13519560651428e-06 5.64040566065179e-06 8.23829191789995e-05 2.73089043939429e-06 3.09529673987938e-07 6.30940708657143e-08 4.81947937305998e-07
covarPC_4 1.27461431781164e-06 7.4609803995735e-06 3.99805431944903e-06 -2.85533590719589e-06 2.73089043939429e-06 8.7910661421057e-05 3.83958696176561e-07 -1.24192090951738e-06 -2.08884048095059e-06
proband -7.51024052510927e-06 -1.39376454340295e-06 4.75481730006998e-07 -1.06854377598647e-06 3.09529673987938e-07 3.83958696176561e-07 0.000216119583836536 -0.000142615109121968 -0.000130220113313958
paternal 2.72056766213554e-06 -7.07998059464326e-07 -3.49976316752482e-06 2.52851876629382e-06 6.30940708657143e-08 -1.24192090951738e-06 -0.000142615109121968 0.000274330219550273 1.50822932132306e-05
maternal 7.11269540403668e-07 2.17537140480882e-06 2.25676240352335e-06 -1.79443482341633e-06 4.81947937305998e-07 -2.08884048095059e-06 -0.000130220113313958 1.50822932132306e-05 0.000248514630593099
