(Intercept) covarage covarsex covarage_sex covarPC_3 covarPC_4 proband
(Intercept) 9.53081432499637e-05 3.27098024955434e-05 -9.64364340592346e-07 -2.2884723052496e-05 4.68615180676682e-06 1.29124686846702e-06 -5.82178325715929e-06
covarage 3.27098024955434e-05 0.00024135106202128 0.000326816571884313 -0.000386405488452214 -1.93475907189644e-06 7.47589973725466e-06 -6.69016896206167e-07
covarsex -9.64364340592346e-07 0.000326816571884313 0.000735539549444025 -0.000775395013902249 -4.14265759174763e-06 4.00299233064476e-06 -1.32291063073124e-07
covarage_sex -2.2884723052496e-05 -0.000386405488452214 -0.000775395013902249 0.000933765138447443 5.64701983346174e-06 -2.85958611896736e-06 -7.10969996561221e-07
covarPC_3 4.68615180676682e-06 -1.93475907189644e-06 -4.14265759174763e-06 5.64701983346174e-06 8.23749379889273e-05 2.73471972308336e-06 5.79433298013624e-07
covarPC_4 1.29124686846702e-06 7.47589973725466e-06 4.00299233064476e-06 -2.85958611896736e-06 2.73471972308336e-06 8.78833149619633e-05 -1.26084850835667e-06
proband -5.82178325715929e-06 -6.69016896206167e-07 -1.32291063073124e-07 -7.10969996561221e-07 5.79433298013624e-07 -1.26084850835667e-06 8.15090481004594e-05
