(Intercept) covarage covarsex covarage_sex covarPC_3 covarPC_4 proband
(Intercept) 8.56482838875122e-05 2.26525118695158e-05 -4.93228481154138e-06 -7.86495043279823e-06 5.57887115254204e-06 2.41039441181154e-06 -2.39112823076973e-06
covarage 2.26525118695158e-05 0.000252434936427204 0.000356052425299801 -0.000405544220242864 -1.6862980809291e-06 6.37949116971906e-06 -4.784609074127e-08
covarsex -4.93228481154138e-06 0.000356052425299801 0.000818794923671437 -0.000859315606422058 -4.32619508633522e-06 4.2036326881076e-06 -1.36127853871598e-06
covarage_sex -7.86495043279823e-06 -0.000405544220242864 -0.000859315606422058 0.0010051532022695 5.86194346530386e-06 -3.19527804138175e-06 1.1156760296337e-07
covarPC_3 5.57887115254204e-06 -1.6862980809291e-06 -4.32619508633522e-06 5.86194346530386e-06 7.86380467040605e-05 3.42286875678731e-06 7.34890423644419e-07
covarPC_4 2.41039441181154e-06 6.37949116971906e-06 4.2036326881076e-06 -3.19527804138175e-06 3.42286875678731e-06 8.54927448078779e-05 -1.04188768852279e-06
proband -2.39112823076973e-06 -4.784609074127e-08 -1.36127853871598e-06 1.1156760296337e-07 7.34890423644419e-07 -1.04188768852279e-06 7.79140772059927e-05
