(Intercept) covarage covarsex covarage_sex covarPC_3 covarPC_4 proband paternal maternal
(Intercept) 7.21560187077006e-05 1.35475124393488e-05 3.26158127476621e-06 -7.64459252833161e-07 2.15122759120594e-07 1.52229344441299e-06 -1.62668183671709e-06 2.69293528718762e-06 1.81333057851048e-07
covarage 1.35475124393488e-05 0.000210114666260851 0.000299487999796271 -0.0003331696990805 -4.27440453421759e-06 9.34266279055553e-06 4.47209881078219e-09 -1.62353494340668e-06 2.84275186364567e-06
covarsex 3.26158127476621e-06 0.000299487999796271 0.000772607648887019 -0.000806834774157732 -5.9146821568217e-06 5.48873196128512e-06 -7.78566454896185e-07 -4.99684825400459e-06 2.5196478128875e-06
covarage_sex -7.64459252833161e-07 -0.0003331696990805 -0.000806834774157732 0.000923028332551684 9.10450094942825e-06 -4.26584990431434e-06 -2.0404719052705e-06 3.82515337525237e-06 -2.41142015546895e-06
covarPC_3 2.15122759120594e-07 -4.27440453421759e-06 -5.9146821568217e-06 9.10450094942825e-06 6.42638704697423e-05 2.83768622384066e-06 6.56442025843065e-08 1.27345927619891e-07 2.90776377254484e-07
covarPC_4 1.52229344441299e-06 9.34266279055553e-06 5.48873196128512e-06 -4.26584990431434e-06 2.83768622384066e-06 7.38826207382427e-05 6.53712853128764e-07 -7.83252852440288e-07 -1.42191312669759e-06
proband -1.62668183671709e-06 4.47209881078219e-09 -7.78566454896185e-07 -2.0404719052705e-06 6.56442025843065e-08 6.53712853128764e-07 0.000182151881654512 -0.000121588880596636 -0.000111647821206607
paternal 2.69293528718762e-06 -1.62353494340668e-06 -4.99684825400459e-06 3.82515337525237e-06 1.27345927619891e-07 -7.83252852440288e-07 -0.000121588880596636 0.000262538891728284 -1.19584813147991e-05
maternal 1.81333057851048e-07 2.84275186364567e-06 2.5196478128875e-06 -2.41142015546895e-06 2.90776377254484e-07 -1.42191312669759e-06 -0.000111647821206607 -1.19584813147991e-05 0.000241903234668061
