(Intercept) covarage covarsex covarage_sex covarPC_3 covarPC_4 proband
(Intercept) 7.21208466449927e-05 1.35601533771612e-05 3.30810336734314e-06 -7.99071550846587e-07 2.13966175204389e-07 1.53316113569158e-06 -2.3069293400831e-07
covarage 1.35601533771612e-05 0.000210055954672507 0.000299406611583425 -0.000333094885203014 -4.27534939023115e-06 9.35424412104951e-06 6.01846358960686e-07
covarsex 3.30810336734314e-06 0.000299406611583425 0.000772414023789374 -0.000806664392791034 -5.91461592632331e-06 5.48731954609898e-06 -1.97184540059441e-06
covarage_sex -7.99071550846587e-07 -0.000333094885203014 -0.000806664392791034 0.000922870798879511 9.10432740011443e-06 -4.2680289227213e-06 -1.37076562930368e-06
covarPC_3 2.13966175204389e-07 -4.27534939023115e-06 -5.91461592632331e-06 9.10432740011443e-06 6.42573571026028e-05 2.84022615850302e-06 2.6903429671356e-07
covarPC_4 1.53316113569158e-06 9.35424412104951e-06 5.48731954609898e-06 -4.2680289227213e-06 2.84022615850302e-06 7.38661499268806e-05 -4.17047920941759e-07
proband -2.3069293400831e-07 6.01846358960686e-07 -1.97184540059441e-06 -1.37076562930368e-06 2.6903429671356e-07 -4.17047920941759e-07 6.89417265381636e-05
