(Intercept) covarage covarsex covarage_sex covarPC_3 covarPC_4 proband
(Intercept) 7.21208390810286e-05 1.35601516907524e-05 3.30810345058796e-06 -7.99071772510861e-07 2.13966155647789e-07 1.53316099888941e-06 -2.30692924470409e-07
covarage 1.35601516907524e-05 0.00021005593827787 0.000299406590585846 -0.000333094861971019 -4.27534913087618e-06 9.35424336563764e-06 6.01846354066394e-07
covarsex 3.30810345058796e-06 0.000299406590585846 0.000772413968004044 -0.000806664335043879 -5.91461557471054e-06 5.48731913927348e-06 -1.9718452525456e-06
covarage_sex -7.99071772510861e-07 -0.000333094861971019 -0.000806664335043879 0.000922870733322877 9.10432691197996e-06 -4.26802866007888e-06 -1.37076568601776e-06
covarPC_3 2.13966155647789e-07 -4.27534913087618e-06 -5.91461557471054e-06 9.10432691197996e-06 6.42573503265211e-05 2.84022584331292e-06 2.69034264024474e-07
covarPC_4 1.53316099888941e-06 9.35424336563764e-06 5.48731913927348e-06 -4.26802866007888e-06 2.84022584331292e-06 7.38661421467707e-05 -4.17047881303935e-07
proband -2.30692924470409e-07 6.01846354066394e-07 -1.9718452525456e-06 -1.37076568601776e-06 2.69034264024474e-07 -4.17047881303935e-07 6.89417206765573e-05
