(Intercept) covarage covarsex covarage_sex covarPC_3 covarPC_4 proband paternal maternal
(Intercept) 6.71279889744023e-05 -9.01526925932769e-06 3.9163112011066e-05 -3.47482764562754e-05 2.27256661511849e-06 -1.82941285151133e-06 -2.33461823594197e-06 2.40947449260807e-06 2.97173354400174e-07
covarage -9.01526925932769e-06 0.000185729202392188 0.000286826137135901 -0.000293766559844549 -3.72859696081727e-06 5.55351781121483e-06 4.09657066256774e-07 -1.6823195979272e-06 2.86000262587251e-06
covarsex 3.9163112011066e-05 0.000286826137135901 0.000933098153315725 -0.000894720194087717 -1.89303333340121e-06 3.02016212369701e-06 -6.2218288890088e-07 -6.50425763059765e-06 3.75374394513216e-06
covarage_sex -3.47482764562754e-05 -0.000293766559844549 -0.000894720194087717 0.000912454202480813 3.26509369391717e-06 -2.45338218150934e-06 -3.91892547880362e-07 5.59537907414317e-06 -3.02658232148791e-06
covarPC_3 2.27256661511849e-06 -3.72859696081727e-06 -1.89303333340121e-06 3.26509369391717e-06 5.56167560683286e-05 1.15297581833171e-06 1.10657119353911e-07 5.19107561757007e-07 3.84029471244452e-07
covarPC_4 -1.82941285151133e-06 5.55351781121483e-06 3.02016212369701e-06 -2.45338218150934e-06 1.15297581833171e-06 6.09580565120634e-05 4.88496244166351e-07 -8.11841808207504e-07 -1.45953253582753e-06
proband -2.33461823594197e-06 4.09657066256774e-07 -6.2218288890088e-07 -3.91892547880362e-07 1.10657119353911e-07 4.88496244166351e-07 0.000151507745144618 -0.000101173580377848 -9.33554723574541e-05
paternal 2.40947449260807e-06 -1.6823195979272e-06 -6.50425763059765e-06 5.59537907414317e-06 5.19107561757007e-07 -8.11841808207504e-07 -0.000101173580377848 0.000258486183825373 -4.620000171134e-05
maternal 2.97173354400174e-07 2.86000262587251e-06 3.75374394513216e-06 -3.02658232148791e-06 3.84029471244452e-07 -1.45953253582753e-06 -9.33554723574541e-05 -4.620000171134e-05 0.000240861446474463
