(Intercept) covarage covarsex covarage_sex covarPC_3 covarPC_4 proband
(Intercept) 6.71029766177827e-05 -9.00698399498904e-06 3.92157338468804e-05 -3.47940627896509e-05 2.26625228930557e-06 -1.81696732831415e-06 -1.04291019732457e-06
covarage -9.00698399498904e-06 0.000185688964512196 0.000286753309393185 -0.000293706295695729 -3.73122457070544e-06 5.56542445588133e-06 9.76419160006287e-07
covarsex 3.92157338468804e-05 0.000286753309393185 0.000932895085342068 -0.00089454699353676 -1.88679113919418e-06 3.01624864545359e-06 -1.92952855291482e-06
covarage_sex -3.47940627896509e-05 -0.000293706295695729 -0.00089454699353676 0.000912306267862347 3.25930961334802e-06 -2.44867894107551e-06 8.29862742251934e-07
covarPC_3 2.26625228930557e-06 -3.73122457070544e-06 -1.88679113919418e-06 3.25930961334802e-06 5.56141328711727e-05 1.15794757781905e-06 5.42447247279841e-07
covarPC_4 -1.81696732831415e-06 5.56542445588133e-06 3.01624864545359e-06 -2.44867894107551e-06 1.15794757781905e-06 6.09445028366319e-05 -5.98033072871661e-07
proband -1.04291019732457e-06 9.76419160006287e-07 -1.92952855291482e-06 8.29862742251934e-07 5.42447247279841e-07 -5.98033072871661e-07 5.85177994978134e-05
