(Intercept) covarage covarsex covarage_sex covarPC_3 covarPC_4 proband
(Intercept) 0.000319821190850993 0.000261014809054649 0.000113124903685289 -0.000323610064557082 2.18333672998877e-05 2.65649654818711e-06 -1.26744643328281e-05
covarage 0.000261014809054649 0.00107512492210926 0.00133335375060498 -0.00173133233179361 1.18934086361939e-06 1.49704022120665e-05 -9.06306677913947e-07
covarsex 0.000113124903685289 0.00133335375060498 0.00229670486396646 -0.00264148950006494 -7.98701890449531e-06 1.07461290877834e-05 -2.35048380559679e-06
covarage_sex -0.000323610064557082 -0.00173133233179361 -0.00264148950006494 0.00344499657561569 9.94732003582355e-06 -8.48773227057986e-06 5.3671367365608e-07
covarPC_3 2.18333672998877e-05 1.18934086361939e-06 -7.98701890449531e-06 9.94732003582355e-06 0.000177951156179401 7.59790442354615e-06 1.4945304039495e-06
covarPC_4 2.65649654818711e-06 1.49704022120665e-05 1.07461290877834e-05 -8.48773227057986e-06 7.59790442354615e-06 0.000188432363098558 -2.73133009348515e-06
proband -1.26744643328281e-05 -9.06306677913947e-07 -2.35048380559679e-06 5.3671367365608e-07 1.4945304039495e-06 -2.73133009348515e-06 0.000167873053295053
