(Intercept) covarage covarsex covarage_sex covarPC_3 covarPC_4 proband
(Intercept) 0.00715060956401425 0.0061155663386438 0.00200399989839933 -0.00507353811555832 0.000131443390295623 6.68453799140035e-05 -0.000378904433449528
covarage 0.0061155663386438 0.0091139551539979 0.00695275553552622 -0.0147019182496398 3.83889465885119e-05 4.75339413575232e-05 -8.80160616176573e-05
covarsex 0.00200399989839933 0.00695275553552622 0.00962408666915373 -0.0174407681361041 -5.16897793122931e-05 3.38166675135807e-05 -9.99621044596951e-05
covarage_sex -0.00507353811555832 -0.0147019182496398 -0.0174407681361041 0.0355708021814216 7.07998244102581e-05 1.0520987232802e-05 0.000117870092535466
covarPC_3 0.000131443390295623 3.83889465885119e-05 -5.16897793122931e-05 7.07998244102581e-05 0.00124214931924652 4.30596592004031e-05 0.000137975671066161
covarPC_4 6.68453799140035e-05 4.75339413575232e-05 3.38166675135807e-05 1.0520987232802e-05 4.30596592004031e-05 0.00122516359723133 1.93715231836871e-05
proband -0.000378904433449528 -8.80160616176573e-05 -9.99621044596951e-05 0.000117870092535466 0.000137975671066161 1.93715231836871e-05 0.001018211358857
