(Intercept) covarage covarsex covarage_sex covarPC_3 covarPC_4 proband
(Intercept) 0.000264020087492917 1.93914494192697e-05 -1.32416245600169e-05 0.000125475252118818 2.99036423341899e-05 2.3897486458863e-06 -5.62689319063152e-05
covarage 1.93914494192697e-05 0.000377195822556253 0.000546774540366056 -0.000604503965211037 -2.90173380744928e-06 1.49333547664417e-05 3.41693352626682e-08
covarsex -1.32416245600169e-05 0.000546774540366056 0.00202307295577073 -0.00216359324265241 -1.39294746087462e-05 1.06154175343513e-05 -8.16130644720754e-06
covarage_sex 0.000125475252118818 -0.000604503965211037 -0.00216359324265241 0.00258199176509954 2.00900572990919e-05 -8.02011908200751e-06 1.09693384296744e-06
covarPC_3 2.99036423341899e-05 -2.90173380744928e-06 -1.39294746087462e-05 2.00900572990919e-05 0.000194624142534476 1.20189728033027e-05 2.28744631768745e-05
covarPC_4 2.3897486458863e-06 1.49333547664417e-05 1.06154175343513e-05 -8.02011908200751e-06 1.20189728033027e-05 0.000211262200903997 4.26307276357743e-06
proband -5.62689319063152e-05 3.41693352626682e-08 -8.16130644720754e-06 1.09693384296744e-06 2.28744631768745e-05 4.26307276357743e-06 0.000198092957031205
