(Intercept) covarage covarsex covarage_sex covarPC_3 covarPC_4 proband
(Intercept) 0.000472426557729693 0.000398196424725854 0.000215885150362541 -0.000428830292004363 1.98497028171024e-05 1.70051132566738e-05 -6.7310410795773e-06
covarage 0.000398196424725854 0.00111071457458144 0.00123362370963761 -0.00178832738193005 2.18026450853438e-06 2.62251934580591e-05 -8.88670237454015e-06
covarsex 0.000215885150362541 0.00123362370963761 0.00242129942103166 -0.00298394144785559 -7.71979412397886e-06 1.85729001600925e-05 -1.66397115534856e-05
covarage_sex -0.000428830292004363 -0.00178832738193005 -0.00298394144785559 0.0042244470773132 1.12580388233104e-05 -1.49735953311997e-05 1.53880389949441e-05
covarPC_3 1.98497028171024e-05 2.18026450853438e-06 -7.71979412397886e-06 1.12580388233104e-05 0.00030253792985763 1.20132869841058e-05 3.77059403550014e-05
covarPC_4 1.70051132566738e-05 2.62251934580591e-05 1.85729001600925e-05 -1.49735953311997e-05 1.20132869841058e-05 0.000314696269546807 5.12410787290178e-06
proband -6.7310410795773e-06 -8.88670237454015e-06 -1.66397115534856e-05 1.53880389949441e-05 3.77059403550014e-05 5.12410787290178e-06 0.000284146982752633
