(Intercept) covarage covarsex covarage_sex covarPC_3 covarPC_4 proband
(Intercept) 0.000124034872524511 3.32874732114239e-05 1.65959728093219e-05 -3.70449017596725e-05 1.18940844548351e-05 -1.32718006596897e-06 -5.90975769567483e-06
covarage 3.32874732114239e-05 0.000360214077375414 0.000505553093211517 -0.000577163531379613 -1.45259266977511e-06 9.47159710497462e-06 -2.31434273454538e-07
covarsex 1.65959728093219e-05 0.000505553093211517 0.00122912250011034 -0.0012761285374731 -5.12474563332269e-06 6.12094197681569e-06 -2.66491772419332e-06
covarage_sex -3.70449017596725e-05 -0.000577163531379613 -0.0012761285374731 0.00146851944139056 6.150997244125e-06 -4.28527635585736e-06 9.80026016399267e-07
covarPC_3 1.18940844548351e-05 -1.45259266977511e-06 -5.12474563332269e-06 6.150997244125e-06 0.000115844172106622 4.77318629715605e-06 1.51325088946303e-05
covarPC_4 -1.32718006596897e-06 9.47159710497462e-06 6.12094197681569e-06 -4.28527635585736e-06 4.77318629715605e-06 0.000124573068134117 2.17425651616607e-06
proband -5.90975769567483e-06 -2.31434273454538e-07 -2.66491772419332e-06 9.80026016399267e-07 1.51325088946303e-05 2.17425651616607e-06 0.000117914244353508
