(Intercept) covarage covarsex covarage_sex covarPC_3 covarPC_4 proband
(Intercept) 0.000439817893268407 -8.11765580479841e-05 0.000552413865422713 -0.000395734216142125 -1.27550065396485e-05 1.59251850076893e-06 -6.0659337996892e-05
covarage -8.11765580479841e-05 0.000591451265174302 0.000977351062375507 -0.000944885641646291 -1.50954931585289e-05 1.5118899818234e-05 1.38343248794142e-05
covarsex 0.000552413865422713 0.000977351062375507 0.00498242361552462 -0.00450800949503384 -1.14617808176163e-05 1.09892878820761e-05 2.5570008160131e-07
covarage_sex -0.000395734216142125 -0.000944885641646291 -0.00450800949503384 0.00431998531929058 1.44147255468628e-05 -8.23670770362179e-06 -7.74248214533121e-06
covarPC_3 -1.27550065396485e-05 -1.50954931585289e-05 -1.14617808176163e-05 1.44147255468628e-05 0.000233084100429349 2.65902285486009e-06 3.43779690201774e-05
covarPC_4 1.59251850076893e-06 1.5118899818234e-05 1.09892878820761e-05 -8.23670770362179e-06 2.65902285486009e-06 0.000248786297628046 3.49857108459211e-06
proband -6.0659337996892e-05 1.38343248794142e-05 2.5570008160131e-07 -7.74248214533121e-06 3.43779690201774e-05 3.49857108459211e-06 0.000258138604313126
