(Intercept) covarage covarsex covarage_sex covarPC_3 covarPC_4 proband
(Intercept) 9.5856366565634e-05 3.29559683317179e-05 -7.8615795447506e-07 -2.31300497831511e-05 3.68885165411222e-06 1.04304293274082e-06 -8.34333541893199e-06
covarage 3.29559683317179e-05 0.000242402198889961 0.000328249492127161 -0.000388103715310836 -2.19587815505569e-06 7.36513015124652e-06 -1.62086453635029e-06
covarsex -7.8615795447506e-07 0.000328249492127161 0.000738107358195539 -0.00077831109419283 -4.30483841541986e-06 3.95551653371547e-06 -5.82831155738104e-07
covarage_sex -2.31300497831511e-05 -0.000388103715310836 -0.00077831109419283 0.000937229007033972 5.83010226319255e-06 -2.84681555049063e-06 3.60365343599895e-07
covarPC_3 3.68885165411222e-06 -2.19587815505569e-06 -4.30483841541986e-06 5.83010226319255e-06 8.40516533870483e-05 2.89851824093814e-06 1.05561038574812e-05
covarPC_4 1.04304293274082e-06 7.36513015124652e-06 3.95551653371547e-06 -2.84681555049063e-06 2.89851824093814e-06 8.80977350542428e-05 1.3149269424961e-06
proband -8.34333541893199e-06 -1.62086453635029e-06 -5.82831155738104e-07 3.60365343599895e-07 1.05561038574812e-05 1.3149269424961e-06 8.36632142835792e-05
