(Intercept) covarage covarsex covarage_sex covarPC_3 covarPC_4 proband
(Intercept) 8.57736797077257e-05 2.27117896342384e-05 -4.83118251217956e-06 -7.96825141089157e-06 5.12140665860816e-06 2.30896353234829e-06 -3.79267740004302e-06
covarage 2.27117896342384e-05 0.000252835116911306 0.000356630619673094 -0.000406205384815288 -1.77304548069165e-06 6.32741042313496e-06 -5.01364852292407e-07
covarsex -4.83118251217956e-06 0.000356630619673094 0.000819743763711373 -0.000860391639319283 -4.61586055510092e-06 4.11077555066268e-06 -2.07993822378931e-06
covarage_sex -7.96825141089157e-06 -0.000406205384815288 -0.000860391639319283 0.00100638706556091 6.06346362656652e-06 -3.14265794581221e-06 1.1886891945725e-06
covarPC_3 5.12140665860816e-06 -1.77304548069165e-06 -4.61586055510092e-06 6.06346362656652e-06 8.00595126208893e-05 3.59462624376819e-06 1.0228798031525e-05
covarPC_4 2.30896353234829e-06 6.32741042313496e-06 4.11077555066268e-06 -3.14265794581221e-06 3.59462624376819e-06 8.55595966285503e-05 1.31957272507333e-06
proband -3.79267740004302e-06 -5.01364852292407e-07 -2.07993822378931e-06 1.1886891945725e-06 1.0228798031525e-05 1.31957272507333e-06 7.95333107205677e-05
