(Intercept) covarage covarsex covarage_sex covarPC_3 covarPC_4 proband
(Intercept) 0.000320031367848271 0.000261842139154431 0.000114244169867754 -0.000325036102936094 2.02891858971909e-05 2.18512787810507e-06 -1.32670592367029e-05
covarage 0.000261842139154431 0.00107748505770913 0.00133625339817735 -0.00173518822664654 6.21616283645136e-07 1.48557822602789e-05 -3.49381243653785e-06
covarsex 0.000114244169867754 0.00133625339817735 0.00230016185452939 -0.00264611045104876 -9.00421773765192e-06 1.06296051671142e-05 -6.70262668365153e-06
covarage_sex -0.000325036102936094 -0.00173518822664654 -0.00264611045104876 0.00345112479521988 1.09707210840072e-05 -8.49951613326838e-06 5.78634842351189e-06
covarPC_3 2.02891858971909e-05 6.21616283645136e-07 -9.00421773765192e-06 1.09707210840072e-05 0.000181034898226622 7.99868591042556e-06 2.16065256305061e-05
covarPC_4 2.18512787810507e-06 1.48557822602789e-05 1.06296051671142e-05 -8.49951613326838e-06 7.99868591042556e-06 0.000188607090705823 3.10744195854897e-06
proband -1.32670592367029e-05 -3.49381243653785e-06 -6.70262668365153e-06 5.78634842351189e-06 2.16065256305061e-05 3.10744195854897e-06 0.000171477612535047
