(Intercept) covarage covarsex covarage_sex covarPC_3 covarPC_4 proband
(Intercept) 0.000258545720423178 1.93365416150115e-05 -1.41758497397716e-05 0.000125599983893407 3.56019988428611e-05 4.05362877117275e-06 -4.61401262708864e-05
covarage 1.93365416150115e-05 0.000374391264139676 0.000542615594506236 -0.000599921873539399 -2.81185560252624e-06 1.51566016532334e-05 -9.95209139735913e-08
covarsex -1.41758497397716e-05 0.000542615594506236 0.00201330580982467 -0.00215317376274593 -1.29386353324362e-05 1.1003249303203e-05 -5.48681568920778e-06
covarage_sex 0.000125599983893407 -0.000599921873539399 -0.00215317376274593 0.00257019307816795 1.99010514964759e-05 -8.06399973693431e-06 3.45422403803282e-07
covarPC_3 3.56019988428611e-05 -2.81185560252624e-06 -1.29386353324362e-05 1.99010514964759e-05 0.000191044209145934 1.26511776606706e-05 3.09123984201274e-06
covarPC_4 4.05362877117275e-06 1.51566016532334e-05 1.1003249303203e-05 -8.06399973693431e-06 1.26511776606706e-05 0.00021085297082474 -1.51389047537515e-07
proband -4.61401262708864e-05 -9.95209139735913e-08 -5.48681568920778e-06 3.45422403803282e-07 3.09123984201274e-06 -1.51389047537515e-07 0.000194302411184139
