(Intercept) covarage covarsex covarage_sex covarPC_3 covarPC_4 proband paternal maternal
(Intercept) 0.000259215344298291 1.92714474918838e-05 -1.40277057629878e-05 0.00012552014286197 3.53759593907129e-05 4.02441681393124e-06 -3.16113751946958e-05 -1.34711385967471e-05 -1.57433532497617e-05
covarage 1.92714474918838e-05 0.000374409376659241 0.000542606397222727 -0.00059991187636142 -2.77286603595971e-06 1.51556770044041e-05 -1.11222518590553e-06 -4.86356538778585e-07 2.63999459441599e-06
covarsex -1.40277057629878e-05 0.000542606397222727 0.00201361885904988 -0.00215350294114571 -1.2928283157898e-05 1.1012127797312e-05 -1.99495233339253e-06 -3.47352266656746e-06 -3.61764514759528e-06
covarage_sex 0.00012552014286197 -0.00059991187636142 -0.00215350294114571 0.00257056233442568 1.98433489110953e-05 -8.06611887665816e-06 -1.91133337850295e-06 3.05915085541882e-06 1.52364275365247e-06
covarPC_3 3.53759593907129e-05 -2.77286603595971e-06 -1.2928283157898e-05 1.98433489110953e-05 0.000191281605605165 1.27367863056103e-05 -2.69030021716501e-06 5.62915029317299e-06 5.92614089129905e-06
covarPC_4 4.02441681393124e-06 1.51556770044041e-05 1.1012127797312e-05 -8.06611887665816e-06 1.27367863056103e-05 0.000210989117347081 -1.08238085097418e-06 3.75361655865996e-07 1.52917290423209e-06
proband -3.16113751946958e-05 -1.11222518590553e-06 -1.99495233339253e-06 -1.91133337850295e-06 -2.69030021716501e-06 -1.08238085097418e-06 0.00052048524313474 -0.000343761910499309 -0.000312711059104575
paternal -1.34711385967471e-05 -4.86356538778585e-07 -3.47352266656746e-06 3.05915085541882e-06 5.62915029317299e-06 3.75361655865996e-07 -0.000343761910499309 0.000702137012586355 -1.34159894340801e-05
maternal -1.57433532497617e-05 2.63999459441599e-06 -3.61764514759528e-06 1.52364275365247e-06 5.92614089129905e-06 1.52917290423209e-06 -0.000312711059104575 -1.34159894340801e-05 0.000646236038236187
