(Intercept) covarage covarsex covarage_sex covarPC_3 covarPC_4 proband
(Intercept) 0.000258545733499033 1.93365439937636e-05 -1.41758502479568e-05 0.000125599984495126 3.56019993281578e-05 4.05362897269214e-06 -4.61401270229812e-05
covarage 1.93365439937636e-05 0.000374391293497266 0.000542615631844397 -0.000599921914351887 -2.81185651880702e-06 1.51566028733571e-05 -9.95206145062639e-08
covarsex -1.41758502479568e-05 0.000542615631844397 0.00201330590415133 -0.00215317385894534 -1.29386359375714e-05 1.10032505588518e-05 -5.48681700057122e-06
covarage_sex 0.000125599984495126 -0.000599921914351887 -0.00215317385894534 0.00257019318570634 1.99010529118175e-05 -8.06400081464113e-06 3.45422333733359e-07
covarPC_3 3.56019993281578e-05 -2.81185651880702e-06 -1.29386359375714e-05 1.99010529118175e-05 0.000191044224460744 1.26511782909916e-05 3.091239844799e-06
covarPC_4 4.05362897269214e-06 1.51566028733571e-05 1.10032505588518e-05 -8.06400081464113e-06 1.26511782909916e-05 0.000210852987952266 -1.51388775319614e-07
proband -4.61401270229812e-05 -9.95206145062639e-08 -5.48681700057122e-06 3.45422333733359e-07 3.091239844799e-06 -1.51388775319614e-07 0.000194302423780042
