(Intercept) covarage covarsex covarage_sex covarPC_3 covarPC_4 proband
(Intercept) 0.000472184786615048 0.000397749639196925 0.000215252484641957 -0.000428121554061662 2.07791406298766e-05 1.71234322560207e-05 6.4810211266684e-07
covarage 0.000397749639196925 0.00110995508593054 0.00123268465693805 -0.00178709022196788 3.21552715756412e-06 2.63903824547002e-05 -5.3010643520796e-06
covarsex 0.000215252484641957 0.00123268465693805 0.00241996853991262 -0.00298224280489196 -5.90041195287263e-06 1.88791096549118e-05 -1.13216312976387e-05
covarage_sex -0.000428121554061662 -0.00178709022196788 -0.00298224280489196 0.00422219320272733 9.5602213682705e-06 -1.52248116085387e-05 1.05198389006733e-05
covarPC_3 2.07791406298766e-05 3.21552715756412e-06 -5.90041195287263e-06 9.5602213682705e-06 0.000297687017828614 1.13176363969651e-05 1.0384434050617e-05
covarPC_4 1.71234322560207e-05 2.63903824547002e-05 1.88791096549118e-05 -1.52248116085387e-05 1.13176363969651e-05 0.000314418058046535 5.55402456661635e-07
proband 6.4810211266684e-07 -5.3010643520796e-06 -1.13216312976387e-05 1.05198389006733e-05 1.0384434050617e-05 5.55402456661635e-07 0.000280221126733299
