(Intercept) covarage covarsex covarage_sex covarPC_3 covarPC_4 proband
(Intercept) 0.000123797158815686 3.32243478660958e-05 1.64577837304026e-05 -3.69171982613092e-05 1.24892099580167e-05 -1.18535930704861e-06 -3.9759962894241e-06
covarage 3.32243478660958e-05 0.000359462833703851 0.000504465225161995 -0.000575924278559313 -1.3763781759623e-06 9.49971677892009e-06 -2.76025536066094e-07
covarsex 1.64577837304026e-05 0.000504465225161995 0.00122698089189656 -0.0012738007129759 -4.7674868342239e-06 6.16305131152244e-06 -2.00739108331546e-06
covarage_sex -3.69171982613092e-05 -0.000575924278559313 -0.0012738007129759 0.00146587767610169 6.00140678458864e-06 -4.26594701603588e-06 5.87553293498978e-07
covarPC_3 1.24892099580167e-05 -1.3763781759623e-06 -4.7674868342239e-06 6.00140678458864e-06 0.000113795943511736 4.6438215672143e-06 3.68519173479501e-06
covarPC_4 -1.18535930704861e-06 9.49971677892009e-06 6.16305131152244e-06 -4.26594701603588e-06 4.6438215672143e-06 0.000124432849382955 2.37412808662095e-08
proband -3.9759962894241e-06 -2.76025536066094e-07 -2.00739108331546e-06 5.87553293498978e-07 3.68519173479501e-06 2.37412808662095e-08 0.000115766386046195
