(Intercept) covarage covarsex covarage_sex covarPC_3 covarPC_4 proband
(Intercept) 0.000437651138473801 -8.0114980650847e-05 0.000550716171680492 -0.000394523771262596 -6.36058069464337e-06 2.48596933165727e-06 -5.66197367418516e-05
covarage -8.0114980650847e-05 0.000588751507279759 0.000973437552330578 -0.000940953771694213 -1.64544066240029e-05 1.52168951945968e-05 1.11523371894246e-05
covarsex 0.000550716171680492 0.000973437552330578 0.00496639375787166 -0.00449297013221176 -1.12135990288917e-05 1.17743057083604e-05 2.51418147351497e-06
covarage_sex -0.000394523771262596 -0.000940953771694213 -0.00449297013221176 0.00430562162909697 1.49625708793834e-05 -8.67277764151582e-06 -8.53666434091712e-06
covarPC_3 -6.36058069464337e-06 -1.64544066240029e-05 -1.12135990288917e-05 1.49625708793834e-05 0.000228030887121072 3.28420253985435e-06 7.76364948212834e-06
covarPC_4 2.48596933165727e-06 1.52168951945968e-05 1.17743057083604e-05 -8.67277764151582e-06 3.28420253985435e-06 0.000248675247845494 -2.55932485124843e-07
proband -5.66197367418516e-05 1.11523371894246e-05 2.51418147351497e-06 -8.53666434091712e-06 7.76364948212834e-06 -2.55932485124843e-07 0.000251968178073985
