(Intercept) covarage covarsex covarage_sex covarPC_3 covarPC_4 proband
(Intercept) 9.54516881302872e-05 3.27884173007797e-05 -9.22578693020889e-07 -2.29998763422897e-05 4.52668375487009e-06 1.19262626843435e-06 -6.38038419101274e-06
covarage 3.27884173007797e-05 0.000241734484938952 0.000327322055250482 -0.000387008621610992 -2.03347129755565e-06 7.41723025317038e-06 -1.0451925739856e-06
covarsex -9.22578693020889e-07 0.000327322055250482 0.000736338359323717 -0.000776276124870725 -4.22670146757121e-06 3.9861206992521e-06 6.47722416805771e-08
covarage_sex -2.29998763422897e-05 -0.000387008621610992 -0.000776276124870725 0.000934787231540125 5.79874361729517e-06 -2.84834995140506e-06 -5.98715990277603e-08
covarPC_3 4.52668375487009e-06 -2.03347129755565e-06 -4.22670146757121e-06 5.79874361729517e-06 8.26169785605271e-05 2.87511188047027e-06 2.51060412948259e-06
covarPC_4 1.19262626843435e-06 7.41723025317038e-06 3.9861206992521e-06 -2.84834995140506e-06 2.87511188047027e-06 8.7998230412035e-05 2.69642093257893e-08
proband -6.38038419101274e-06 -1.0451925739856e-06 6.47722416805771e-08 -5.98715990277603e-08 2.51060412948259e-06 2.69642093257893e-08 8.21541742735805e-05
