(Intercept) covarage covarsex covarage_sex covarPC_3 covarPC_4 proband
(Intercept) 9.5451687989102e-05 3.27884172681939e-05 -9.22578690166366e-07 -2.29998763415192e-05 4.5266837553214e-06 1.19262626582888e-06 -6.38038419047488e-06
covarage 3.27884172681939e-05 0.000241734484677193 0.000327322054947214 -0.000387008621269981 -2.03347129491735e-06 7.41723024441915e-06 -1.04519257324616e-06
covarsex -9.22578690166366e-07 0.000327322054947214 0.000736338358544733 -0.000776276124067431 -4.22670146374639e-06 3.98612069174272e-06 6.47722430108558e-08
covarage_sex -2.29998763415192e-05 -0.000387008621269981 -0.000776276124067431 0.000934787230614422 5.7987436131652e-06 -2.84834994571224e-06 -5.98716007258502e-08
covarPC_3 4.5266837553214e-06 -2.03347129491735e-06 -4.22670146374639e-06 5.7987436131652e-06 8.26169784218371e-05 2.87511187473701e-06 2.5106041258908e-06
covarPC_4 1.19262626582888e-06 7.41723024441915e-06 3.98612069174272e-06 -2.84834994571224e-06 2.87511187473701e-06 8.79982302572496e-05 2.69642085480915e-08
proband -6.38038419047488e-06 -1.04519257324616e-06 6.47722430108558e-08 -5.98716007258502e-08 2.5106041258908e-06 2.69642085480915e-08 8.21541741642423e-05
