(Intercept) covarage covarsex covarage_sex covarPC_3 covarPC_4 proband
(Intercept) 7.31924995665575e-05 1.36161092828155e-05 3.37355182303353e-06 -7.19497745512829e-07 2.25824914050359e-07 1.51943704997228e-06 -1.1650975961344e-06
covarage 1.36161092828155e-05 0.000213638468002899 0.000304857567464886 -0.000339138385314151 -4.32770428310362e-06 9.57766370030766e-06 1.036957846541e-06
covarsex 3.37355182303353e-06 0.000304857567464886 0.000786770133423933 -0.000821354013948703 -6.12271795709954e-06 5.61094152101179e-06 -2.97525910221662e-06
covarage_sex -7.19497745512829e-07 -0.000339138385314151 -0.000821354013948703 0.000939748946065241 9.27097418067274e-06 -4.44173962609077e-06 -3.15696245660037e-06
covarPC_3 2.25824914050359e-07 -4.32770428310362e-06 -6.12271795709954e-06 9.27097418067274e-06 6.5224050307921e-05 2.90171618381449e-06 1.46032527535424e-06
covarPC_4 1.51943704997228e-06 9.57766370030766e-06 5.61094152101179e-06 -4.44173962609077e-06 2.90171618381449e-06 7.5038065022323e-05 6.56544678091578e-07
proband -1.1650975961344e-06 1.036957846541e-06 -2.97525910221662e-06 -3.15696245660037e-06 1.46032527535424e-06 6.56544678091578e-07 7.36740951926724e-05
