(Intercept) covarage covarsex covarage_sex covarPC_3 covarPC_4 proband
(Intercept) 7.31924930754776e-05 1.3616107845344e-05 3.37355189430215e-06 -7.19497936715477e-07 2.25824906147744e-07 1.51943694002621e-06 -1.16509750808439e-06
covarage 1.3616107845344e-05 0.000213638453932449 0.000304857549426968 -0.000339138365366181 -4.32770404762412e-06 9.57766305858632e-06 1.03695787269783e-06
covarsex 3.37355189430215e-06 0.000304857549426968 0.000786770085491709 -0.000821353964345417 -6.12271762561295e-06 5.61094117600964e-06 -2.97525888942855e-06
covarage_sex -7.19497936715477e-07 -0.000339138365366181 -0.000821353964345417 0.000939748889777719 9.2709737298279e-06 -4.44173941044427e-06 -3.15696258414378e-06
covarPC_3 2.25824906147744e-07 -4.32770404762412e-06 -6.12271762561295e-06 9.2709737298279e-06 6.52240444948844e-05 2.90171591202774e-06 1.46032514176597e-06
covarPC_4 1.51943694002621e-06 9.57766305858632e-06 5.61094117600964e-06 -4.44173941044427e-06 2.90171591202774e-06 7.50380583416261e-05 6.56544648799537e-07
proband -1.16509750808439e-06 1.03695787269783e-06 -2.97525888942855e-06 -3.15696258414378e-06 1.46032514176597e-06 6.56544648799537e-07 7.36740900889922e-05
