(Intercept) covarage covarsex covarage_sex covarPC_3 covarPC_4 proband paternal maternal
(Intercept) 7.32659079585796e-05 1.36055806951667e-05 3.39731090565769e-06 -7.34393811969802e-07 1.6797744298194e-07 1.49610872019684e-06 1.45095880841778e-06 -2.43669525108315e-06 -2.94428887007474e-06
covarage 1.36055806951667e-05 0.000213691299399269 0.000304935952895772 -0.00033922044119906 -4.32252382462559e-06 9.58580892948086e-06 7.37366160904197e-07 -8.56688318627564e-09 6.03349636094429e-07
covarsex 3.39731090565769e-06 0.000304935952895772 0.000786986722817747 -0.000821564594713302 -6.14322362142582e-06 5.61021671422032e-06 -1.99704878117325e-06 -1.21766547356854e-06 -8.24388757586363e-07
covarage_sex -7.34393811969802e-07 -0.00033922044119906 -0.000821564594713302 0.000939965334420274 9.28070056614099e-06 -4.44471393129754e-06 -3.7538295506771e-06 1.2625032691505e-06 4.35551452854387e-08
covarPC_3 1.6797744298194e-07 -4.32252382462559e-06 -6.14322362142582e-06 9.28070056614099e-06 6.52872879353795e-05 2.91895288969599e-06 -9.74283543161348e-07 2.19468585372442e-06 2.81198424007771e-06
covarPC_4 1.49610872019684e-06 9.58580892948086e-06 5.61021671422032e-06 -4.44471393129754e-06 2.91895288969599e-06 7.50576526276542e-05 -2.14622616703402e-07 6.87874905497321e-07 1.10291942784508e-06
proband 1.45095880841778e-06 7.37366160904197e-07 -1.99704878117325e-06 -3.7538295506771e-06 -9.74283543161348e-07 -2.14622616703402e-07 0.000188736127301225 -0.000124071548321685 -0.00011245946867289
paternal -2.43669525108315e-06 -8.56688318627564e-09 -1.21766547356854e-06 1.2625032691505e-06 2.19468585372442e-06 6.87874905497321e-07 -0.000124071548321685 0.000268709847728186 -1.31661698803653e-05
maternal -2.94428887007474e-06 6.03349636094429e-07 -8.24388757586363e-07 4.35551452854387e-08 2.81198424007771e-06 1.10291942784508e-06 -0.00011245946867289 -1.31661698803653e-05 0.000243817218467303
