(Intercept) covarage covarsex covarage_sex covarPC_3 covarPC_4 proband
(Intercept) 6.70909709534226e-05 -9.02445441633298e-06 3.91642604783844e-05 -3.47539820082728e-05 2.24071254212532e-06 -1.82445673005063e-06 -1.07517583506565e-06
covarage -9.02445441633298e-06 0.000185723408694761 0.000286829217139678 -0.000293764711461494 -3.71101058838301e-06 5.57000735042544e-06 1.16995322707126e-06
covarsex 3.91642604783844e-05 0.000286829217139678 0.000932869566566474 -0.000894541293189628 -1.90736960321719e-06 2.98882317866985e-06 -9.48917376815595e-07
covarage_sex -3.47539820082728e-05 -0.000293764711461494 -0.000894541293189628 0.000912298508387012 3.27630574887006e-06 -2.43559989632923e-06 4.2596240969377e-07
covarPC_3 2.24071254212532e-06 -3.71101058838301e-06 -1.90736960321719e-06 3.27630574887006e-06 5.56663190412376e-05 1.18154466661616e-06 1.88174815807707e-06
covarPC_4 -1.82445673005063e-06 5.57000735042544e-06 2.98882317866985e-06 -2.43559989632923e-06 1.18154466661616e-06 6.09371427948369e-05 1.66809850768425e-07
proband -1.07517583506565e-06 1.16995322707126e-06 -9.48917376815595e-07 4.2596240969377e-07 1.88174815807707e-06 1.66809850768425e-07 5.85837365263888e-05
