(Intercept) covarage covarsex covarage_sex covarPC_3 covarPC_4 proband paternal maternal
(Intercept) 6.71500944107076e-05 -9.02509179141481e-06 3.92086952384786e-05 -3.47926592895273e-05 2.18968327222347e-06 -1.83580154418005e-06 1.24666184767966e-06 -2.01341090579465e-06 -2.80994896093874e-06
covarage -9.02509179141481e-06 0.000185728811220102 0.000286839027126927 -0.000293774329893799 -3.71325924323319e-06 5.5689572797247e-06 1.255159514318e-06 -5.38615109053806e-07 3.63765789192637e-07
covarsex 3.92086952384786e-05 0.000286839027126927 0.000932921181866512 -0.000894587808585497 -1.94931038402684e-06 2.97658798320302e-06 9.05522020441178e-07 -2.08111922075291e-06 -1.76412103853424e-06
covarage_sex -3.47926592895273e-05 -0.000293774329893799 -0.000894587808585497 0.000912340483118645 3.31350705135018e-06 -2.42560730279664e-06 -1.23621560631372e-06 2.1218247315653e-06 1.32393351188895e-06
covarPC_3 2.18968327222347e-06 -3.71325924323319e-06 -1.94931038402684e-06 3.31350705135018e-06 5.57110438605079e-05 1.19190537310346e-06 -1.47953528601443e-07 1.93907991237732e-06 2.27540165773228e-06
covarPC_4 -1.83580154418005e-06 5.5689572797247e-06 2.97658798320302e-06 -2.42560730279664e-06 1.19190537310346e-06 6.09402925512284e-05 -2.08673012939972e-07 -8.34995279496315e-08 8.67120169634832e-07
proband 1.24666184767966e-06 1.255159514318e-06 9.05522020441178e-07 -1.23621560631372e-06 -1.47953528601443e-07 -2.08673012939972e-07 0.000152214290772695 -0.000101948870275545 -9.24796952006762e-05
paternal -2.01341090579465e-06 -5.38615109053806e-07 -2.08111922075291e-06 2.1218247315653e-06 1.93907991237732e-06 -8.34995279496315e-08 -0.000101948870275545 0.000257677475876008 -4.6706930154504e-05
maternal -2.80994896093874e-06 3.63765789192637e-07 -1.76412103853424e-06 1.32393351188895e-06 2.27540165773228e-06 8.67120169634832e-07 -9.24796952006762e-05 -4.6706930154504e-05 0.000239471987384638
