(Intercept) covarage covarsex covarage_sex covarPC_3 covarPC_4 proband
(Intercept) 0.000319424091660933 0.000261359487475746 0.000113592215545442 -0.000324293179201621 2.15940722467253e-05 2.4605598814193e-06 -9.75455787022528e-06
covarage 0.000261359487475746 0.00107597766633749 0.001334337614492 -0.00173273309956012 9.75921835059791e-07 1.49680240064673e-05 -2.47473480064007e-06
covarsex 0.000113592215545442 0.001334337614492 0.00229739240998229 -0.00264266226593704 -8.28826016593383e-06 1.07900428804784e-05 -4.51783096313205e-06
covarage_sex -0.000324293179201621 -0.00173273309956012 -0.00264266226593704 0.00344672527117568 1.0402750766695e-05 -8.56113893254495e-06 4.04839140811963e-06
covarPC_3 2.15940722467253e-05 9.75921835059791e-07 -8.28826016593383e-06 1.0402750766695e-05 0.000178182719976793 7.83026710551539e-06 5.32152470959196e-06
covarPC_4 2.4605598814193e-06 1.49680240064673e-05 1.07900428804784e-05 -8.56113893254495e-06 7.83026710551539e-06 0.000188390275144296 -3.37930688956953e-08
proband -9.75455787022528e-06 -2.47473480064007e-06 -4.51783096313205e-06 4.04839140811963e-06 5.32152470959196e-06 -3.37930688956953e-08 0.000169089084924997
