(Intercept) covarage covarsex covarage_sex covarPC_3 covarPC_4 proband
(Intercept) 0.00704958143032718 0.0060956907241443 0.00196177113032195 -0.00503226239318784 0.000189491348176188 6.93790764990062e-05 -0.000137662788211699
covarage 0.0060956907241443 0.0090897019910124 0.00691066333567025 -0.0146639011267544 5.31373880839882e-05 4.24352840176241e-05 -4.45231955095458e-05
covarsex 0.00196177113032195 0.00691066333567025 0.0095659204614247 -0.0173786847892355 -3.97020883377741e-05 3.11719479136916e-05 -5.29426948769379e-05
covarage_sex -0.00503226239318784 -0.0146639011267544 -0.0173786847892355 0.0355314415744961 5.82702435939207e-05 2.05199922067499e-05 5.63649836626809e-05
covarPC_3 0.000189491348176188 5.31373880839882e-05 -3.97020883377741e-05 5.82702435939207e-05 0.00120063108146192 3.83232709681963e-05 -2.72536929940295e-05
covarPC_4 6.93790764990062e-05 4.24352840176241e-05 3.11719479136916e-05 2.05199922067499e-05 3.83232709681963e-05 0.00120765717548105 4.48221435755111e-06
proband -0.000137662788211699 -4.45231955095458e-05 -5.29426948769379e-05 5.63649836626809e-05 -2.72536929940295e-05 4.48221435755111e-06 0.000978494909871627
