(Intercept) covarage covarsex covarage_sex covarPC_3 covarPC_4 proband paternal maternal
(Intercept) 0.000247831717590272 1.92312303775887e-05 -1.50510043787943e-05 0.000125385492069262 3.66008710401823e-05 3.75645667041221e-06 -2.54374978871556e-06 -1.15918586549174e-05 -7.02821153474611e-06
covarage 1.92312303775887e-05 0.000371561135415705 0.00053831258178806 -0.000595236445666886 -2.55531685363874e-06 1.55473401235549e-05 9.06656533095825e-07 -1.10694062582438e-06 1.61964896646161e-06
covarsex -1.50510043787943e-05 0.00053831258178806 0.00200332236474511 -0.00214287398782189 -1.22706106399219e-05 1.15519854269511e-05 -6.75871468443605e-07 -1.23743193565177e-05 5.74937023257305e-06
covarage_sex 0.000125385492069262 -0.000595236445666886 -0.00214287398782189 0.00255861223554435 1.92431666719273e-05 -8.66957394129768e-06 -2.20275285805702e-06 1.15634007224237e-05 -5.27739315625857e-06
covarPC_3 3.66008710401823e-05 -2.55531685363874e-06 -1.22706106399219e-05 1.92431666719273e-05 0.000189342266268775 1.18041166278998e-05 -6.36367475916496e-07 -7.68960487651934e-06 -5.81550919418968e-06
covarPC_4 3.75645667041221e-06 1.55473401235549e-05 1.15519854269511e-05 -8.66957394129768e-06 1.18041166278998e-05 0.000209518001884992 1.6179989048259e-07 2.41243177758063e-06 1.07014022851745e-06
proband -2.54374978871556e-06 9.06656533095825e-07 -6.75871468443605e-07 -2.20275285805702e-06 -6.36367475916496e-07 1.6179989048259e-07 0.000516232792435817 -0.00034083314705809 -0.000312801805975182
paternal -1.15918586549174e-05 -1.10694062582438e-06 -1.23743193565177e-05 1.15634007224237e-05 -7.68960487651934e-06 2.41243177758063e-06 -0.00034083314705809 0.000716987864479468 -3.15128925036566e-05
maternal -7.02821153474611e-06 1.61964896646161e-06 5.74937023257305e-06 -5.27739315625857e-06 -5.81550919418968e-06 1.07014022851745e-06 -0.000312801805975182 -3.15128925036566e-05 0.000657477619949898
