(Intercept) covarage covarsex covarage_sex covarPC_3 covarPC_4 proband
(Intercept) 0.000247540525268465 1.92160852445795e-05 -1.52340067926095e-05 0.000125557310084853 3.63802356254645e-05 3.80767286800958e-06 -1.18850675976096e-05
covarage 1.92160852445795e-05 0.000371513006858418 0.000538212597968811 -0.00059513562409135 -2.64913116432827e-06 1.55780875926245e-05 1.07526159053795e-06
covarsex -1.52340067926095e-05 0.000538212597968811 0.00200290637244191 -0.00214249628345873 -1.25007591060923e-05 1.15782235380972e-05 -3.92947988280816e-06
covarage_sex 0.000125557310084853 -0.00059513562409135 -0.00214249628345873 0.00255826051251057 1.9450379901362e-05 -8.70353233210021e-06 8.63300555359596e-07
covarPC_3 3.63802356254645e-05 -2.64913116432827e-06 -1.25007591060923e-05 1.9450379901362e-05 0.000189172917065572 1.1807009475543e-05 -7.33821149714831e-06
covarPC_4 3.80767286800958e-06 1.55780875926245e-05 1.15782235380972e-05 -8.70353233210021e-06 1.1807009475543e-05 0.000209366916712072 1.84850654641504e-06
proband -1.18850675976096e-05 1.07526159053795e-06 -3.92947988280816e-06 8.63300555359596e-07 -7.33821149714831e-06 1.84850654641504e-06 0.000190479929070085
