(Intercept) covarage covarsex covarage_sex covarPC_3 covarPC_4 proband
(Intercept) 0.000472362541939431 0.000397989385962911 0.00021565254851203 -0.000428562561160731 2.09298769210153e-05 1.71082194452705e-05 -6.11463150494616e-06
covarage 0.000397989385962911 0.00111026464056983 0.00123300942791377 -0.00178761600147022 3.49052479165784e-06 2.64127680845569e-05 -3.93238989265029e-06
covarsex 0.00021565254851203 0.00123300942791377 0.00242042280673912 -0.00298295027640436 -5.1631722323248e-06 1.88660519542012e-05 -1.08689888585855e-05
covarage_sex -0.000428562561160731 -0.00178761600147022 -0.00298295027640436 0.00422326726252814 8.91829941478382e-06 -1.52439845116791e-05 9.85429283947165e-06
covarPC_3 2.09298769210153e-05 3.49052479165784e-06 -5.1631722323248e-06 8.91829941478382e-06 0.000297628517259128 1.1335647371499e-05 -8.87880845036185e-06
covarPC_4 1.71082194452705e-05 2.64127680845569e-05 1.88660519542012e-05 -1.52439845116791e-05 1.1335647371499e-05 0.000314638714944594 1.86558128184259e-06
proband -6.11463150494616e-06 -3.93238989265029e-06 -1.08689888585855e-05 9.85429283947165e-06 -8.87880845036185e-06 1.86558128184259e-06 0.000278388071499137
