(Intercept) covarage covarsex covarage_sex covarPC_3 covarPC_4 proband
(Intercept) 0.000124466179062153 3.33398749521159e-05 1.67655526208715e-05 -3.72223715758065e-05 1.29042329774729e-05 -1.23614734669673e-06 -9.04074018596188e-06
covarage 3.33398749521159e-05 0.000360662581821562 0.000506168850170479 -0.000577879490934295 -1.2872673416381e-06 9.67325217159292e-06 -6.12718265759371e-08
covarsex 1.67655526208715e-05 0.000506168850170479 0.0012302638825926 -0.00127741978992267 -4.43188253242603e-06 6.3210337922683e-06 -2.59742099283744e-06
covarage_sex -3.72223715758065e-05 -0.000577879490934295 -0.00127741978992267 0.0014700190245203 5.76441037387907e-06 -4.4863811059563e-06 1.57959399239494e-06
covarPC_3 1.29042329774729e-05 -1.2872673416381e-06 -4.43188253242603e-06 5.76441037387907e-06 0.000113727110883286 4.59676522364122e-06 -3.97490872515906e-06
covarPC_4 -1.23614734669673e-06 9.67325217159292e-06 6.3210337922683e-06 -4.4863811059563e-06 4.59676522364122e-06 0.000124691372945509 8.01274728904817e-07
proband -9.04074018596188e-06 -6.12718265759371e-08 -2.59742099283744e-06 1.57959399239494e-06 -3.97490872515906e-06 8.01274728904817e-07 0.000115947919984585
