(Intercept) covarage covarsex covarage_sex covarPC_3 covarPC_4 proband
(Intercept) 0.000430137980224848 -7.89128801016764e-05 0.000552213618133761 -0.000396692274786382 -3.26795818048254e-06 1.79579890757548e-06 -3.68798186422157e-05
covarage -7.89128801016764e-05 0.000586329530526655 0.000969256068264536 -0.000936836820401743 -1.69765012338674e-05 1.59834842308677e-05 1.12510054942581e-05
covarsex 0.000552213618133761 0.000969256068264536 0.00495937111136721 -0.00448591394868829 -1.14850656032819e-05 1.23521738704324e-05 2.30364810225392e-06
covarage_sex -0.000396692274786382 -0.000936836820401743 -0.00448591394868829 0.00429802975521133 1.55823870408837e-05 -9.28930060478422e-06 -6.81684476875394e-06
covarPC_3 -3.26795818048254e-06 -1.69765012338674e-05 -1.14850656032819e-05 1.55823870408837e-05 0.000226408352243281 2.66165919240967e-06 -9.28184347799895e-06
covarPC_4 1.79579890757548e-06 1.59834842308677e-05 1.23521738704324e-05 -9.28930060478422e-06 2.66165919240967e-06 0.00024850290740003 2.99570842733557e-06
proband -3.68798186422157e-05 1.12510054942581e-05 2.30364810225392e-06 -6.81684476875394e-06 -9.28184347799895e-06 2.99570842733557e-06 0.000249424810206579
