(Intercept) covarage covarsex covarage_sex covarPC_3 covarPC_4 proband paternal maternal
(Intercept) 9.49712585488288e-05 3.27019359780093e-05 -9.07715437461847e-07 -2.29900296983287e-05 4.84744650078934e-06 1.16902265350617e-06 -1.45037678799663e-06 -1.43516587316174e-06 -1.95287211299351e-06
covarage 3.27019359780093e-05 0.000241329278106661 0.000326764704101464 -0.00038637150268956 -1.9056504014877e-06 7.44003240461607e-06 2.63645394963016e-07 -1.02181099919855e-06 -4.36381579023305e-07
covarsex -9.07715437461847e-07 0.000326764704101464 0.000735104455748875 -0.000774992802967413 -4.11648770545183e-06 3.9875736908446e-06 5.41346590967853e-07 -2.12880939186334e-06 1.34402237247414e-07
covarage_sex -2.29900296983287e-05 -0.00038637150268956 -0.000774992802967413 0.000933309813086745 5.68098325272103e-06 -2.86156550774124e-06 -1.2545724912436e-06 2.41525468641374e-06 9.69697592642693e-08
covarPC_3 4.84744650078934e-06 -1.9056504014877e-06 -4.11648770545183e-06 5.68098325272103e-06 8.23598449239121e-05 2.75655980085412e-06 -1.57966587042446e-07 -2.3947346539583e-06 -2.64277717869701e-06
covarPC_4 1.16902265350617e-06 7.44003240461607e-06 3.9875736908446e-06 -2.86156550774124e-06 2.75655980085412e-06 8.78327383814167e-05 -2.39478102534376e-07 1.28991679874198e-06 2.59302540499722e-07
proband -1.45037678799663e-06 2.63645394963016e-07 5.41346590967853e-07 -1.2545724912436e-06 -1.57966587042446e-07 -2.39478102534376e-07 0.000217248127562067 -0.000142137286132667 -0.000130760176089681
paternal -1.43516587316174e-06 -1.02181099919855e-06 -2.12880939186334e-06 2.41525468641374e-06 -2.3947346539583e-06 1.28991679874198e-06 -0.000142137286132667 0.000276802460320614 1.00992589094337e-05
maternal -1.95287211299351e-06 -4.36381579023305e-07 1.34402237247414e-07 9.69697592642693e-08 -2.64277717869701e-06 2.59302540499722e-07 -0.000130760176089681 1.00992589094337e-05 0.000251591751661746
