(Intercept) covarage covarsex covarage_sex covarPC_3 covarPC_4 proband
(Intercept) 9.4944849405909e-05 3.26910112632271e-05 -9.18860432019669e-07 -2.29755252864481e-05 4.81479936967581e-06 1.17894542870542e-06 -3.15071376279618e-06
covarage 3.26910112632271e-05 0.000241306919621473 0.000326729522663834 -0.00038633158684168 -1.92937824285335e-06 7.45134757939215e-06 -4.67820490234401e-07
covarsex -9.18860432019669e-07 0.000326729522663834 0.000735020702657593 -0.000774902607790934 -4.14774177825577e-06 4.00481471914077e-06 -4.39263872698205e-07
covarage_sex -2.29755252864481e-05 -0.00038633158684168 -0.000774902607790934 0.000933207168924211 5.71551388751877e-06 -2.88415597457606e-06 -1.72146737945109e-08
covarPC_3 4.81479936967581e-06 -1.92937824285335e-06 -4.14774177825577e-06 5.71551388751877e-06 8.23063300751017e-05 2.76425906365908e-06 -2.66250010288202e-06
covarPC_4 1.17894542870542e-06 7.45134757939215e-06 4.00481471914077e-06 -2.88415597457606e-06 2.76425906365908e-06 8.77998477649441e-05 5.20526304704837e-07
proband -3.15071376279618e-06 -4.67820490234401e-07 -4.39263872698205e-07 -1.72146737945109e-08 -2.66250010288202e-06 5.20526304704837e-07 8.14980045178749e-05
