(Intercept) covarage covarsex covarage_sex covarPC_3 covarPC_4 proband
(Intercept) 7.2031258691127e-05 1.35362543825814e-05 3.32098392942458e-06 -7.77701050307432e-07 2.87016964832745e-07 1.51584198738129e-06 -1.14929084080365e-06
covarage 1.35362543825814e-05 0.000209730904100621 0.000298918666935989 -0.000332569604913318 -4.30811988322762e-06 9.35673651230535e-06 8.30575230155059e-07
covarsex 3.32098392942458e-06 0.000298918666935989 0.00077122113314838 -0.00080546505891037 -5.84863934314299e-06 5.44217651662784e-06 -2.43708933399142e-06
covarage_sex -7.77701050307432e-07 -0.000332569604913318 -0.00080546505891037 0.000921499614213987 9.17467730347123e-06 -4.29077038374793e-06 -2.66470685556577e-07
covarPC_3 2.87016964832745e-07 -4.30811988322762e-06 -5.84863934314299e-06 9.17467730347123e-06 6.42690776699586e-05 2.80080986600469e-06 -2.81828204050624e-06
covarPC_4 1.51584198738129e-06 9.35673651230535e-06 5.44217651662784e-06 -4.29077038374793e-06 2.80080986600469e-06 7.37826039311303e-05 1.09496581836825e-06
proband -1.14929084080365e-06 8.30575230155059e-07 -2.43708933399142e-06 -2.66470685556577e-07 -2.81828204050624e-06 1.09496581836825e-06 6.88333644296955e-05
