(Intercept) covarage covarsex covarage_sex covarPC_3 covarPC_4 proband paternal maternal
(Intercept) 7.20554053366889e-05 1.35251474188621e-05 3.33884854021246e-06 -7.87418946873413e-07 3.19574474696661e-07 1.50668020077062e-06 1.15952302805041e-07 -5.29699737124833e-07 -2.06484031672726e-06
covarage 1.35251474188621e-05 0.000209756325680641 0.000298936876775433 -0.000332594830194509 -4.33471139215472e-06 9.3669569026382e-06 -2.04020087115021e-07 1.05584131628832e-06 1.05143222918914e-06
covarsex 3.33884854021246e-06 0.000298936876775433 0.00077130244548206 -0.000805539424063073 -5.83377785466022e-06 5.43615136949824e-06 -1.75617279532635e-06 1.51166718318098e-07 -1.58091557482091e-06
covarage_sex -7.87418946873413e-07 -0.000332594830194509 -0.000805539424063073 0.000921574907791909 9.17261587286852e-06 -4.28990945437238e-06 -4.22749552356955e-07 -2.78004248221612e-07 6.66171213113221e-07
covarPC_3 3.19574474696661e-07 -4.33471139215472e-06 -5.83377785466022e-06 9.17261587286852e-06 6.43348606796592e-05 2.77973740882704e-06 -2.04442498041575e-07 -2.36030763977447e-06 -3.00227067333835e-06
covarPC_4 1.50668020077062e-06 9.3669569026382e-06 5.43615136949824e-06 -4.28990945437238e-06 2.77973740882704e-06 7.3800727188497e-05 1.23794856558014e-07 1.18253950069742e-06 8.13095721906899e-07
proband 1.15952302805041e-07 -2.04020087115021e-07 -1.75617279532635e-06 -4.22749552356955e-07 -2.04442498041575e-07 1.23794856558014e-07 0.000182486079284722 -0.00012126545021567 -0.00011213609984544
paternal -5.29699737124833e-07 1.05584131628832e-06 1.51166718318098e-07 -2.78004248221612e-07 -2.36030763977447e-06 1.18253950069742e-06 -0.00012126545021567 0.000268611934856916 -1.91647691393201e-05
maternal -2.06484031672726e-06 1.05143222918914e-06 -1.58091557482091e-06 6.66171213113221e-07 -3.00227067333835e-06 8.13095721906899e-07 -0.00011213609984544 -1.91647691393201e-05 0.000249027564018077
