(Intercept) covarage covarsex covarage_sex covarPC_3 covarPC_4 proband
(Intercept) 7.20312798171786e-05 1.35362591070379e-05 3.32098371208211e-06 -7.77700451393338e-07 2.87017029969139e-07 1.51584237555083e-06 -1.1492910335467e-06
covarage 1.35362591070379e-05 0.000209730949932325 0.0002989187256275 -0.000332569669859492 -4.30812062307715e-06 9.35673862117152e-06 8.30575278461441e-07
covarsex 3.32098371208211e-06 0.0002989187256275 0.00077122128888415 -0.000805465220142799 -5.84864031619007e-06 5.44217763976373e-06 -2.43708995219273e-06
covarage_sex -7.77700451393338e-07 -0.000332569669859492 -0.000805465220142799 0.00092149979727619 9.17467867185045e-06 -4.29077110764379e-06 -2.66470197084254e-07
covarPC_3 2.87017029969139e-07 -4.30812062307715e-06 -5.84864031619007e-06 9.17467867185045e-06 6.42690966198284e-05 2.80081073725065e-06 -2.81828270739927e-06
covarPC_4 1.51584237555083e-06 9.35673862117152e-06 5.44217763976373e-06 -4.29077110764379e-06 2.80081073725065e-06 7.3782625669314e-05 1.09496605318058e-06
proband -1.1492910335467e-06 8.30575278461441e-07 -2.43708995219273e-06 -2.66470197084254e-07 -2.81828270739927e-06 1.09496605318058e-06 6.8833380857217e-05
