(Intercept) covarage covarsex covarage_sex covarPC_3 covarPC_4 proband
(Intercept) 6.77745029353141e-05 -9.53543765011479e-06 3.94438880895555e-05 -3.49307993097972e-05 2.45456793911409e-06 -1.91017213394997e-06 -4.64921117786105e-06
covarage -9.53543765011479e-06 0.000187347778536998 0.000288729152042323 -0.000295720305722559 -3.93368661151593e-06 5.66953507382862e-06 4.84006376979902e-06
covarsex 3.94438880895555e-05 0.000288729152042323 0.000939244349051773 -0.00090053639562028 -1.76709943273028e-06 2.96339136091445e-06 -2.61122687018069e-06
covarage_sex -3.49307993097972e-05 -0.000295720305722559 -0.00090053639562028 0.00091825731123961 3.20632379607111e-06 -2.41973370735183e-06 1.37449401388313e-06
covarPC_3 2.45456793911409e-06 -3.93368661151593e-06 -1.76709943273028e-06 3.20632379607111e-06 5.59336744755631e-05 1.17109407562305e-06 -2.25395540596309e-06
covarPC_4 -1.91017213394997e-06 5.66953507382862e-06 2.96339136091445e-06 -2.41973370735183e-06 1.17109407562305e-06 6.13003396747945e-05 9.4199243165154e-07
proband -4.64921117786105e-06 4.84006376979902e-06 -2.61122687018069e-06 1.37449401388313e-06 -2.25395540596309e-06 9.4199243165154e-07 5.96784731375459e-05
