(Intercept) covarage covarsex covarage_sex covarPC_3 covarPC_4 proband
(Intercept) 6.77745028981578e-05 -9.5354376539345e-06 3.94438880857935e-05 -3.4930799305664e-05 2.45456793845232e-06 -1.91017213358102e-06 -4.64921117670863e-06
covarage -9.5354376539345e-06 0.00018734777846047 0.000288729151946723 -0.000295720305620872 -3.93368661036056e-06 5.66953507122512e-06 4.84006376893535e-06
covarsex 3.94438880857935e-05 0.000288729151946723 0.000939244348768024 -0.000900536395340146 -1.76709943215197e-06 2.96339135993589e-06 -2.61122686804308e-06
covarage_sex -3.4930799305664e-05 -0.000295720305620872 -0.000900536395340146 0.000918257310940403 3.20632379508062e-06 -2.41973370659935e-06 1.37449401219242e-06
covarPC_3 2.45456793845232e-06 -3.93368661036056e-06 -1.76709943215197e-06 3.20632379508062e-06 5.59336744376797e-05 1.17109407500454e-06 -2.253955404745e-06
covarPC_4 -1.91017213358102e-06 5.66953507122512e-06 2.96339135993589e-06 -2.41973370659935e-06 1.17109407500454e-06 6.13003396336062e-05 9.41992431451516e-07
proband -4.64921117670863e-06 4.84006376893535e-06 -2.61122686804308e-06 1.37449401219242e-06 -2.253955404745e-06 9.41992431451516e-07 5.96784731073915e-05
