(Intercept) covarage covarsex covarage_sex covarPC_3 covarPC_4 proband
(Intercept) 0.000318778789203018 0.0002610194757893 0.000113171110773519 -0.000323792944439595 2.19603417307604e-05 2.4074887062795e-06 -2.17926129515265e-06
covarage 0.0002610194757893 0.00107500553618446 0.00133307932777583 -0.00173115438637043 1.14228207672532e-06 1.50532455054746e-05 6.33538474021515e-08
covarsex 0.000113171110773519 0.00133307932777583 0.00229568376662146 -0.00264052033962856 -7.90408273839272e-06 1.09338991813961e-05 -5.36114341521882e-06
covarage_sex -0.000323792944439595 -0.00173115438637043 -0.00264052033962856 0.0034439895999754 1.00636197630178e-05 -8.71275386702098e-06 3.30002731101217e-06
covarPC_3 2.19603417307604e-05 1.14228207672532e-06 -7.90408273839272e-06 1.00636197630178e-05 0.000177784877867759 7.64722629361855e-06 -5.29812670068228e-06
covarPC_4 2.4074887062795e-06 1.50532455054746e-05 1.09338991813961e-05 -8.71275386702098e-06 7.64722629361855e-06 0.000188215043012844 1.13033662331526e-06
proband -2.17926129515265e-06 6.33538474021515e-08 -5.36114341521882e-06 3.30002731101217e-06 -5.29812670068228e-06 1.13033662331526e-06 0.000168246844925499
