"PGS","PHENO","GEN_MOD","VAR","proband","paternal","maternal","gpp","gpm","gmp","gmm"
"ADHD_Demontis","HGT",1,"proband",0.000481189727743559,NA,NA,NA,NA,NA,NA
"ADHD_Demontis","HGT",2,"proband",0.00070369000191479,-0.000382304965283545,-0.00034956368175265,NA,NA,NA,NA
"ADHD_Demontis","HGT",2,"paternal",-0.000382304965283545,0.00100466122392261,0.000221403953904724,NA,NA,NA,NA
"ADHD_Demontis","HGT",2,"maternal",-0.00034956368175265,0.000221403953904724,0.000965938230053648,NA,NA,NA,NA
"ADHD_Demontis","HGT",3,"proband",0.000704375459889434,-0.000399781322308797,-0.00035220660560059,-3.51694185604752e-06,4.83684087738442e-05,-2.29268039970993e-06,3.26578177013141e-06
"ADHD_Demontis","HGT",3,"paternal",-0.000399781322308797,0.00199018819156564,0.000435943030234824,-0.00130960594176709,-0.00125875602203723,6.22271508761101e-05,-0.000254137551310644
"ADHD_Demontis","HGT",3,"maternal",-0.00035220660560059,0.000435943030234824,0.00172386836149103,-9.26800777520317e-05,-5.67548356107069e-05,-0.00113445904160072,-0.000947741702898295
"ADHD_Demontis","HGT",3,"gpp",-3.5169418560475e-06,-0.0013096059417671,-9.26800777520318e-05,0.00498017197326781,-0.00130386353982485,-0.000379671942856549,-7.53468436175669e-05
"ADHD_Demontis","HGT",3,"gpm",4.8368408773844e-05,-0.00125875602203723,-5.67548356107068e-05,-0.00130386353982486,0.00458964332881624,-0.000445763661750159,0.000209011953269256
"ADHD_Demontis","HGT",3,"gmp",-2.29268039971022e-06,6.22271508761102e-05,-0.00113445904160072,-0.000379671942856548,-0.00044576366175016,0.00409583452800921,-0.00101347646625426
"ADHD_Demontis","HGT",3,"gmm",3.2657817701316e-06,-0.000254137551310644,-0.000947741702898296,-7.53468436175677e-05,0.000209011953269256,-0.00101347646625425,0.00387814800045831
"ADHD_Demontis","EA",1,"proband",0.000526610978962176,NA,NA,NA,NA,NA,NA
"ADHD_Demontis","EA",2,"proband",0.000887846823032839,-0.000479739952010787,-0.000440656664164357,NA,NA,NA,NA
"ADHD_Demontis","EA",2,"paternal",-0.000479739952010787,0.000929870095999081,0.000264990255536188,NA,NA,NA,NA
"ADHD_Demontis","EA",2,"maternal",-0.000440656664164357,0.000264990255536188,0.000874871750908065,NA,NA,NA,NA
"ADHD_Demontis","EA",3,"proband",0.000888724137204956,-0.000497764314024647,-0.000442146140979873,1.97491547291734e-06,4.53352962067709e-05,-4.23037482706394e-06,1.540513733116e-06
"ADHD_Demontis","EA",3,"paternal",-0.000497764314024648,0.00175318445127883,0.000444486883319681,-0.00110708393954627,-0.00104367461198953,6.16391637855897e-05,-0.000217619179019701
"ADHD_Demontis","EA",3,"maternal",-0.000442146140979873,0.000444486883319681,0.00151336967836913,-9.20351675010645e-05,-2.37927048592017e-05,-0.000951856594970264,-0.000792521410183015
"ADHD_Demontis","EA",3,"gpp",1.97491547291747e-06,-0.00110708393954627,-9.20351675010644e-05,0.00422767079137105,-0.00112316558263936,-0.000324492449405532,-5.20489923241463e-05
"ADHD_Demontis","EA",3,"gpm",4.53352962067716e-05,-0.00104367461198953,-2.3792704859202e-05,-0.00112316558263936,0.00386635849600626,-0.000409796379547092,0.000174870393983107
"ADHD_Demontis","EA",3,"gmp",-4.2303748270643e-06,6.163916378559e-05,-0.000951856594970263,-0.000324492449405532,-0.000409796379547093,0.00347074676615374,-0.000891453135318502
"ADHD_Demontis","EA",3,"gmm",1.54051373311648e-06,-0.000217619179019702,-0.000792521410183016,-5.20489923241461e-05,0.000174870393983107,-0.000891453135318501,0.00326487412139426
"ADHD_Demontis","COG",1,"proband",0.000855783084612431,NA,NA,NA,NA,NA,NA
"ADHD_Demontis","COG",2,"proband",0.00146149101006343,-0.000801302032152281,-0.000732924467772917,NA,NA,NA,NA
"ADHD_Demontis","COG",2,"paternal",-0.000801302032152282,0.00150784478176393,0.000470907130234893,NA,NA,NA,NA
"ADHD_Demontis","COG",2,"maternal",-0.000732924467772916,0.000470907130234893,0.0014224681097801,NA,NA,NA,NA
"ADHD_Demontis","COG",3,"proband",0.00146625100631744,-0.000834228337597783,-0.000768344442605382,2.87135110073923e-05,3.58510966733531e-05,4.5494453986449e-05,3.8858056181921e-05
"ADHD_Demontis","COG",3,"paternal",-0.000834228337597785,0.00292057155476328,0.000763591830131652,-0.00198356371678447,-0.00170071971853557,0.000269866334495294,-0.000563748934807678
"ADHD_Demontis","COG",3,"maternal",-0.000768344442605382,0.000763591830131651,0.00245835819275198,-0.00025462346581631,8.79054910967072e-05,-0.00150876959440862,-0.00131367778733336
"ADHD_Demontis","COG",3,"gpp",2.87135110073949e-05,-0.00198356371678448,-0.000254623465816311,0.00713319630549048,-0.00165546479454385,-0.000618874572019475,0.000217337919488764
"ADHD_Demontis","COG",3,"gpm",3.58510966733536e-05,-0.00170071971853557,8.79054910967069e-05,-0.00165546479454386,0.00619925360813584,-0.000923089054159916,0.000367235307086523
"ADHD_Demontis","COG",3,"gmp",4.54944539864481e-05,0.000269866334495295,-0.00150876959440862,-0.000618874572019476,-0.000923089054159916,0.00564791977981005,-0.00159436555683216
"ADHD_Demontis","COG",3,"gmm",3.88580561819213e-05,-0.000563748934807678,-0.00131367778733336,0.000217337919488765,0.000367235307086523,-0.00159436555683216,0.00552798632680689
"ADHD_Demontis","AFB",1,"proband",0.00143937159410863,NA,NA,NA,NA,NA,NA
"ADHD_Demontis","AFB",2,"proband",0.00281098179932388,-0.00152543486696132,-0.00141166385635823,NA,NA,NA,NA
"ADHD_Demontis","AFB",2,"paternal",-0.00152543486696132,0.00246830562136747,0.000755401935200817,NA,NA,NA,NA
"ADHD_Demontis","AFB",2,"maternal",-0.00141166385635823,0.000755401935200818,0.00230360373257756,NA,NA,NA,NA
"ADHD_Demontis","AFB",3,"proband",0.00282462528857766,-0.00154255949697253,-0.00136899466041766,7.38595318207835e-05,-6.63225670941353e-06,-0.000251455791744321,0.000125138472410022
"ADHD_Demontis","AFB",3,"paternal",-0.00154255949697253,0.00450766128827594,0.00110266719005643,-0.00289801843068969,-0.00230705666525661,0.000300409185801562,-0.000447759473499178
"ADHD_Demontis","AFB",3,"maternal",-0.00136899466041766,0.00110266719005643,0.00419888386479403,0.000380422423233191,-0.000323497431765399,-0.00270766602674139,-0.00223749676772651
"ADHD_Demontis","AFB",3,"gpp",7.38595318207816e-05,-0.00289801843068969,0.000380422423233193,0.0108566520330516,-0.00312334503762744,-0.00186264877523548,-0.000135618752456881
"ADHD_Demontis","AFB",3,"gpm",-6.6322567094121e-06,-0.00230705666525661,-0.0003234974317654,-0.00312334503762744,0.00919700172006372,-0.000512971730445961,0.000358596633051963
"ADHD_Demontis","AFB",3,"gmp",-0.000251455791744321,0.000300409185801561,-0.00270766602674139,-0.00186264877523548,-0.000512971730445961,0.00894222310395702,-0.00157390707391241
"ADHD_Demontis","AFB",3,"gmm",0.000125138472410023,-0.000447759473499178,-0.00223749676772651,-0.000135618752456881,0.000358596633051963,-0.00157390707391241,0.00742903426789585
"ADHD_Demontis","NEB",1,"proband",0.000968998371842936,NA,NA,NA,NA,NA,NA
"ADHD_Demontis","NEB",2,"proband",0.00208318347722456,-0.00111164208618199,-0.00110517547231918,NA,NA,NA,NA
"ADHD_Demontis","NEB",2,"paternal",-0.00111164208618198,0.00160850110218716,0.000613508781064281,NA,NA,NA,NA
"ADHD_Demontis","NEB",2,"maternal",-0.00110517547231918,0.000613508781064281,0.00158161978273661,NA,NA,NA,NA
"ADHD_Demontis","NEB",3,"proband",0.00209161440049429,-0.00113809238963381,-0.001131212685703,-5.30780207250176e-05,0.000100413357356723,-1.22312504098916e-05,6.5850600262057e-05
"ADHD_Demontis","NEB",3,"paternal",-0.00113809238963381,0.00276279551059355,0.000897950986928573,-0.0016219524871205,-0.00143922015993579,0.000214264751927418,-0.000443371085256118
"ADHD_Demontis","NEB",3,"maternal",-0.001131212685703,0.000897950986928571,0.0026794579108644,3.73687820281187e-05,-7.45235746679253e-05,-0.00156108116433006,-0.00135424310611801
"ADHD_Demontis","NEB",3,"gpp",-5.30780207250185e-05,-0.0016219524871205,3.7368782028119e-05,0.00658547057859706,-0.00194208630538528,-0.00106096083062567,6.46227677074457e-05
"ADHD_Demontis","NEB",3,"gpm",0.000100413357356726,-0.00143922015993579,-7.45235746679268e-05,-0.00194208630538528,0.00573403913902816,-0.000600554215089427,0.000279682514273195
"ADHD_Demontis","NEB",3,"gmp",-1.22312504098915e-05,0.000214264751927418,-0.00156108116433006,-0.00106096083062567,-0.000600554215089426,0.00555004678853152,-0.00128863480150409
"ADHD_Demontis","NEB",3,"gmm",6.58506002620552e-05,-0.000443371085256116,-0.00135424310611801,6.4622767707446e-05,0.000279682514273195,-0.00128863480150409,0.00486838550150684
"ADHD_Demontis","EVSMK",1,"proband",0.000536874925573664,NA,NA,NA,NA,NA,NA
"ADHD_Demontis","EVSMK",2,"proband",0.000959483034906407,-0.000517905595823502,-0.000477124814612652,NA,NA,NA,NA
"ADHD_Demontis","EVSMK",2,"paternal",-0.000517905595823502,0.00091330807149959,0.000282559059950898,NA,NA,NA,NA
"ADHD_Demontis","EVSMK",2,"maternal",-0.000477124814612652,0.000282559059950898,0.000856449255833024,NA,NA,NA,NA
"ADHD_Demontis","EVSMK",3,"proband",0.000958734791974341,-0.000535192182822614,-0.000477177620457137,6.24966056949525e-06,4.20033671076679e-05,-5.34862822193925e-06,4.75683289773945e-07
"ADHD_Demontis","EVSMK",3,"paternal",-0.000535192182822614,0.00168921807339265,0.000451712294452161,-0.00105697965399772,-0.000977956344789941,6.28840498740738e-05,-0.000202018162020756
"ADHD_Demontis","EVSMK",3,"maternal",-0.000477177620457138,0.000451712294452161,0.001461406658611,-9.078485842966e-05,-1.21664165851645e-05,-0.000906935857893418,-0.00075026718349321
"ADHD_Demontis","EVSMK",3,"gpp",6.24966056949519e-06,-0.00105697965399772,-9.07848584296597e-05,0.00401488564606298,-0.00107144861457833,-0.000337380652164628,-2.69959711915238e-05
"ADHD_Demontis","EVSMK",3,"gpm",4.20033671076676e-05,-0.000977956344789939,-1.21664165851641e-05,-0.00107144861457833,0.00365282804596872,-0.000394731604438481,0.000148057298787974
"ADHD_Demontis","EVSMK",3,"gmp",-5.34862822193912e-06,6.28840498740736e-05,-0.000906935857893418,-0.000337380652164628,-0.000394731604438481,0.00331667738361658,-0.000857822840743661
"ADHD_Demontis","EVSMK",3,"gmm",4.75683289773873e-07,-0.000202018162020757,-0.00075026718349321,-2.69959711915234e-05,0.000148057298787975,-0.000857822840743662,0.00308437175412793
"ADHD_Demontis","CPD.Max",1,"proband",0.000533393783275294,NA,NA,NA,NA,NA,NA
"ADHD_Demontis","CPD.Max",2,"proband",0.000964644208340197,-0.000520672153857069,-0.000479651377157974,NA,NA,NA,NA
"ADHD_Demontis","CPD.Max",2,"paternal",-0.000520672153857069,0.000905405714469526,0.000282456777348537,NA,NA,NA,NA
"ADHD_Demontis","CPD.Max",2,"maternal",-0.000479651377157974,0.000282456777348537,0.000847601676802731,NA,NA,NA,NA
"ADHD_Demontis","CPD.Max",3,"proband",0.000963753058475103,-0.000537387111856538,-0.000479042476275044,7.50443519386605e-06,3.99715860700386e-05,-6.51263458422696e-06,2.19496647298403e-08
"ADHD_Demontis","CPD.Max",3,"paternal",-0.000537387111856538,0.00166378566639055,0.000448373285712302,-0.00104036901760697,-0.000956131468999651,6.24924947401304e-05,-0.000195157103347398
"ADHD_Demontis","CPD.Max",3,"maternal",-0.000479042476275044,0.000448373285712302,0.00143993334880107,-8.80354292633734e-05,-9.98519943588881e-06,-0.000892926610743519,-0.000736753394056058
"ADHD_Demontis","CPD.Max",3,"gpp",7.50443519386557e-06,-0.00104036901760697,-8.80354292633728e-05,0.0039409493021,-0.00105016017729876,-0.000348832373928688,-1.65352024121452e-05
"ADHD_Demontis","CPD.Max",3,"gpm",3.99715860700389e-05,-0.000956131468999652,-9.98519943588894e-06,-0.00105016017729876,0.00358038647972103,-0.000386366742359452,0.000135142597876394
"ADHD_Demontis","CPD.Max",3,"gmp",-6.51263458422663e-06,6.24924947401299e-05,-0.00089292661074352,-0.000348832373928688,-0.000386366742359452,0.00326702486715382,-0.000841650256560108
"ADHD_Demontis","CPD.Max",3,"gmm",2.19496647294621e-08,-0.000195157103347398,-0.000736753394056057,-1.65352024121446e-05,0.000135142597876394,-0.00084165025656011,0.00302161625722703
"ADHD_Demontis","CPD.Cur",1,"proband",0.000529861692850827,NA,NA,NA,NA,NA,NA
"ADHD_Demontis","CPD.Cur",2,"proband",0.00099536647716122,-0.000536561014758149,-0.000494808853676461,NA,NA,NA,NA
"ADHD_Demontis","CPD.Cur",2,"paternal",-0.000536561014758149,0.000883953555811511,0.000288994857802209,NA,NA,NA,NA
"ADHD_Demontis","CPD.Cur",2,"maternal",-0.000494808853676461,0.000288994857802209,0.000824347871088265,NA,NA,NA,NA
"ADHD_Demontis","CPD.Cur",3,"proband",0.000994178472576961,-0.000552462059634916,-0.000493672807069382,9.28601855720962e-06,3.67257609837295e-05,-6.5587729224315e-06,-8.9282067591524e-07
"ADHD_Demontis","CPD.Cur",3,"paternal",-0.000552462059634916,0.00160882154359149,0.00044727721086543,-0.000998419351642285,-0.00090886593031012,6.21235259273929e-05,-0.000185740066119568
"ADHD_Demontis","CPD.Cur",3,"maternal",-0.000493672807069382,0.000447277210865431,0.00139315320553009,-8.76840357455066e-05,-1.54902518340501e-06,-0.000856527337175262,-0.00070391392902916
"ADHD_Demontis","CPD.Cur",3,"gpp",9.28601855720952e-06,-0.000998419351642285,-8.76840357455065e-05,0.00377673238436558,-0.00100778584726027,-0.000346901440091819,-5.67897742275422e-06
"ADHD_Demontis","CPD.Cur",3,"gpm",3.67257609837298e-05,-0.00090886593031012,-1.54902518340515e-06,-0.00100778584726027,0.00341941246615266,-0.00037531594810501,0.000122590014438683
"ADHD_Demontis","CPD.Cur",3,"gmp",-6.55877292243137e-06,6.2123525927393e-05,-0.000856527337175262,-0.000346901440091818,-0.00037531594810501,0.00314201862612179,-0.000815518413028951
"ADHD_Demontis","CPD.Cur",3,"gmm",-8.92820675915482e-07,-0.000185740066119568,-0.00070391392902916,-5.67897742275447e-06,0.000122590014438683,-0.000815518413028951,0.00288945353647321
"ADHD_Demontis","CESD",1,"proband",0.000526163377271176,NA,NA,NA,NA,NA,NA
"ADHD_Demontis","CESD",2,"proband",0.0010225060341327,-0.000548631694485598,-0.000508331124420302,NA,NA,NA,NA
"ADHD_Demontis","CESD",2,"paternal",-0.000548631694485598,0.000859901455446938,0.000292989369184991,NA,NA,NA,NA
"ADHD_Demontis","CESD",2,"maternal",-0.000508331124420302,0.000292989369184991,0.000801530131808179,NA,NA,NA,NA
"ADHD_Demontis","CESD",3,"proband",0.00102374502402678,-0.000567039704847944,-0.000506609602349473,1.3797257895662e-05,3.61101034511787e-05,-1.14289546773374e-05,-1.58331798701216e-06
"ADHD_Demontis","CESD",3,"paternal",-0.000567039704847944,0.00157612547433895,0.000447242194925471,-0.00097284435218985,-0.000877926067512683,6.50503418307187e-05,-0.000179771438743216
"ADHD_Demontis","CESD",3,"maternal",-0.000506609602349473,0.000447242194925471,0.00136376297161484,-8.75960423728612e-05,3.66579338598619e-06,-0.000830479488700215,-0.000681126269674512
"ADHD_Demontis","CESD",3,"gpp",1.37972578956612e-05,-0.000972844352189849,-8.75960423728606e-05,0.00363627461264966,-0.000960030864273574,-0.000349759957323729,5.46899981046317e-06
"ADHD_Demontis","CESD",3,"gpm",3.61101034511794e-05,-0.000877926067512684,3.6657933859855e-06,-0.000960030864273573,0.00328146817022788,-0.000365593595982995,0.000112744890506091
"ADHD_Demontis","CESD",3,"gmp",-1.14289546773364e-05,6.5050341830718e-05,-0.000830479488700216,-0.000349759957323728,-0.000365593595982995,0.00303840404359324,-0.000785793781870376
"ADHD_Demontis","CESD",3,"gmm",-1.58331798701224e-06,-0.000179771438743216,-0.000681126269674512,5.46899981046334e-06,0.00011274489050609,-0.000785793781870376,0.00277706149187402
"ADHD_Demontis","MDD",1,"proband",0.000502570744842522,NA,NA,NA,NA,NA,NA
"ADHD_Demontis","MDD",2,"proband",0.00102499761561258,-0.000548806241137438,-0.000509491483631498,NA,NA,NA,NA
"ADHD_Demontis","MDD",2,"paternal",-0.000548806241137438,0.000809686025409108,0.00029060882448349,NA,NA,NA,NA
"ADHD_Demontis","MDD",2,"maternal",-0.000509491483631497,0.000290608824483489,0.000751704818015819,NA,NA,NA,NA
"ADHD_Demontis","MDD",3,"proband",0.00102584587436862,-0.000565453301949018,-0.000507038171351112,1.63419076723253e-05,2.96906791930792e-05,-1.15042576336976e-05,-2.75908531358456e-06
"ADHD_Demontis","MDD",3,"paternal",-0.000565453301949018,0.00146722589536834,0.000432401938292261,-0.000897269807240629,-0.000799777200368623,6.17002160367386e-05,-0.000162905510896564
"ADHD_Demontis","MDD",3,"maternal",-0.000507038171351112,0.000432401938292261,0.00127175868606922,-8.45123290813584e-05,1.32748042737444e-05,-0.000768047300754081,-0.000625715114817047
"ADHD_Demontis","MDD",3,"gpp",1.63419076723254e-05,-0.000897269807240629,-8.45123290813586e-05,0.00333738350351771,-0.000879261865688916,-0.000345934616061377,2.27651494768138e-05
"ADHD_Demontis","MDD",3,"gpm",2.96906791930795e-05,-0.000799777200368623,1.32748042737445e-05,-0.000879261865688916,0.00300008044614634,-0.000339539506345649,9.12838294773923e-05
"ADHD_Demontis","MDD",3,"gmp",-1.15042576336977e-05,6.17002160367385e-05,-0.000768047300754081,-0.000345934616061377,-0.000339539506345648,0.00281581365931731,-0.000731483132279235
"ADHD_Demontis","MDD",3,"gmm",-2.75908531358505e-06,-0.000162905510896564,-0.000625715114817046,2.27651494768136e-05,9.12838294773924e-05,-0.000731483132279235,0.00254614419301522
"ADHD_Demontis","BMI",1,"proband",0.000548643692151953,NA,NA,NA,NA,NA,NA
"ADHD_Demontis","BMI",2,"proband",0.000914602810607249,-0.000495264071964571,-0.000455143509768419,NA,NA,NA,NA
"ADHD_Demontis","BMI",2,"paternal",-0.000495264071964571,0.000986395054787301,0.00027278544061948,NA,NA,NA,NA
"ADHD_Demontis","BMI",2,"maternal",-0.000455143509768419,0.00027278544061948,0.000931544673900369,NA,NA,NA,NA
"ADHD_Demontis","BMI",3,"proband",0.000912718662608092,-0.000513019683242891,-0.000454568400069715,5.32365022055586e-06,4.56681968121669e-05,-7.75720194097951e-06,2.04964549133272e-06
"ADHD_Demontis","BMI",3,"paternal",-0.000513019683242892,0.00186086667442534,0.000465302513357452,-0.00118900146707899,-0.00110618164983786,6.31891789378518e-05,-0.000221703074294797
"ADHD_Demontis","BMI",3,"maternal",-0.000454568400069716,0.000465302513357452,0.0016112813240564,-8.88903283352243e-05,-3.34528897588207e-05,-0.00102329845963248,-0.000849458485420022
"ADHD_Demontis","BMI",3,"gpp",5.3236502205561e-06,-0.00118900146707899,-8.88903283352244e-05,0.00449443821617086,-0.00119005141660039,-0.000393988824851402,-3.02512813594127e-05
"ADHD_Demontis","BMI",3,"gpm",4.56681968121671e-05,-0.00110618164983786,-3.34528897588208e-05,-0.00119005141660039,0.00410956273281761,-0.000419876381197732,0.000158093321418647
"ADHD_Demontis","BMI",3,"gmp",-7.75720194097961e-06,6.31891789378522e-05,-0.00102329845963248,-0.000393988824851402,-0.000419876381197732,0.00371930875445105,-0.000933097875511647
"ADHD_Demontis","BMI",3,"gmm",2.04964549133299e-06,-0.000221703074294798,-0.000849458485420022,-3.0251281359412e-05,0.000158093321418647,-0.000933097875511647,0.00345929249427598
"ADHD_Demontis","DBP",1,"proband",0.00053456965610446,NA,NA,NA,NA,NA,NA
"ADHD_Demontis","DBP",2,"proband",0.000985481998878964,-0.000532570359914605,-0.000490263005895947,NA,NA,NA,NA
"ADHD_Demontis","DBP",2,"paternal",-0.000532570359914605,0.000904904274471483,0.000284153473640883,NA,NA,NA,NA
"ADHD_Demontis","DBP",2,"maternal",-0.000490263005895947,0.000284153473640883,0.00084399959191305,NA,NA,NA,NA
"ADHD_Demontis","DBP",3,"proband",0.000987310917758923,-0.000550446965835741,-0.000490018293365229,1.16081835263632e-05,3.5502713504419e-05,-9.92771801305882e-06,1.69395050811487e-07
"ADHD_Demontis","DBP",3,"paternal",-0.000550446965835741,0.00167914521564036,0.000454874021074579,-0.00105606681125716,-0.000950515802750072,6.08593796486295e-05,-0.000186031454489493
"ADHD_Demontis","DBP",3,"maternal",-0.000490018293365229,0.000454874021074579,0.00145774134899541,-8.04499568842927e-05,-1.24861945806162e-05,-0.000909582756440575,-0.00074680385614464
"ADHD_Demontis","DBP",3,"gpp",1.16081835263628e-05,-0.00105606681125716,-8.04499568842921e-05,0.0039377811376882,-0.00103104822491963,-0.000414576357394629,1.79050817087688e-05
"ADHD_Demontis","DBP",3,"gpm",3.55027135044195e-05,-0.000950515802750073,-1.24861945806165e-05,-0.00103104822491963,0.00356368345513013,-0.000371768335116393,0.000100073412042623
"ADHD_Demontis","DBP",3,"gmp",-9.92771801305884e-06,6.08593796486295e-05,-0.000909582756440575,-0.000414576357394628,-0.000371768335116393,0.00330807814623316,-0.000825365717884738
"ADHD_Demontis","DBP",3,"gmm",1.69395050811071e-07,-0.000186031454489493,-0.00074680385614464,1.79050817087692e-05,0.000100073412042623,-0.000825365717884739,0.00300923016030001
"ADHD_Demontis","SBP",1,"proband",0.000537124230424322,NA,NA,NA,NA,NA,NA
"ADHD_Demontis","SBP",2,"proband",0.000968309329271686,-0.000523954356455989,-0.000481912555058062,NA,NA,NA,NA
"ADHD_Demontis","SBP",2,"paternal",-0.00052395435645599,0.000924225958142845,0.000280306213182813,NA,NA,NA,NA
"ADHD_Demontis","SBP",2,"maternal",-0.000481912555058062,0.000280306213182813,0.000864063846351095,NA,NA,NA,NA
"ADHD_Demontis","SBP",3,"proband",0.000969939084403055,-0.000542098745993256,-0.000481712671033188,1.08715894013393e-05,3.72166867024635e-05,-1.02790971803606e-05,7.9792610214379e-07
"ADHD_Demontis","SBP",3,"paternal",-0.000542098745993256,0.00172581437308067,0.000457890355752296,-0.00109264571231312,-0.00098622461642778,6.0581163724968e-05,-0.000192192927329047
"ADHD_Demontis","SBP",3,"maternal",-0.000481712671033188,0.000457890355752296,0.00149830113841191,-7.98166916589209e-05,-1.9634524646255e-05,-0.000940956015247003,-0.00077432479267267
"ADHD_Demontis","SBP",3,"gpp",1.08715894013396e-05,-0.00109264571231312,-7.98166916589219e-05,0.00407087867148097,-0.00106330966453906,-0.000427243007408706,1.55088434015385e-05
"ADHD_Demontis","SBP",3,"gpm",3.72166867024628e-05,-0.000986224616427779,-1.96345246462546e-05,-0.00106330966453906,0.0036897363584363,-0.000378449147080302,0.000104639084119257
"ADHD_Demontis","SBP",3,"gmp",-1.02790971803612e-05,6.05811637249687e-05,-0.000940956015247002,-0.000427243007408707,-0.000378449147080302,0.00341558916805513,-0.000845243431323363
"ADHD_Demontis","SBP",3,"gmm",7.97926102143566e-07,-0.000192192927329047,-0.00077432479267267,1.55088434015381e-05,0.000104639084119257,-0.000845243431323362,0.00311302926425269
"ADHD_Demontis","BG.Fast",1,"proband",0.00051467187862422,NA,NA,NA,NA,NA,NA
"ADHD_Demontis","BG.Fast",2,"proband",0.00102823782691925,-0.000553017521570656,-0.00051005978532873,NA,NA,NA,NA
"ADHD_Demontis","BG.Fast",2,"paternal",-0.000553017521570656,0.000837670256675092,0.000292809748984189,NA,NA,NA,NA
"ADHD_Demontis","BG.Fast",2,"maternal",-0.00051005978532873,0.000292809748984189,0.000776034676751561,NA,NA,NA,NA
"ADHD_Demontis","BG.Fast",3,"proband",0.00102988048801621,-0.000568597091387294,-0.00050806834250005,1.25257694567946e-05,2.93507721274089e-05,-1.04199618528565e-05,-3.07009022983291e-06
"ADHD_Demontis","BG.Fast",3,"paternal",-0.000568597091387294,0.00152338432985272,0.000442634755218616,-0.000936062954774573,-0.00083712560993665,5.9104071874012e-05,-0.000168247907174668
"ADHD_Demontis","BG.Fast",3,"maternal",-0.00050806834250005,0.000442634755218616,0.00131845342101608,-8.35484869286394e-05,7.8184323894621e-06,-0.000803949426375019,-0.000655041178186394
"ADHD_Demontis","BG.Fast",3,"gpp",1.25257694567947e-05,-0.000936062954774574,-8.35484869286395e-05,0.00348063807373667,-0.000912436905041876,-0.000367491584290232,2.53363637660773e-05
"ADHD_Demontis","BG.Fast",3,"gpm",2.93507721274085e-05,-0.000837125609936649,7.81843238946237e-06,-0.000912436905041879,0.00313586300863846,-0.000346144517533326,8.93171182272405e-05
"ADHD_Demontis","BG.Fast",3,"gmp",-1.0419961852857e-05,5.91040718740125e-05,-0.000803949426375019,-0.000367491584290232,-0.000346144517533327,0.0029378266583867,-0.000751541848066522
"ADHD_Demontis","BG.Fast",3,"gmm",-3.0700902298319e-06,-0.000168247907174669,-0.000655041178186395,2.53363637660776e-05,8.93171182272406e-05,-0.000751541848066522,0.00265352676636914
"ADHD_Demontis","BG.All",1,"proband",0.000503860074724471,NA,NA,NA,NA,NA,NA
"ADHD_Demontis","BG.All",2,"proband",0.00102291316675165,-0.000549737488451531,-0.000508135300097502,NA,NA,NA,NA
"ADHD_Demontis","BG.All",2,"paternal",-0.000549737488451531,0.000821020443284209,0.000291518675605781,NA,NA,NA,NA
"ADHD_Demontis","BG.All",2,"maternal",-0.000508135300097502,0.000291518675605781,0.000760230463025364,NA,NA,NA,NA
"ADHD_Demontis","BG.All",3,"proband",0.00102536948445198,-0.00056535317251192,-0.000507632978022721,1.31871508407402e-05,2.71184465274933e-05,-7.70517320160988e-06,-2.74803590182716e-06
"ADHD_Demontis","BG.All",3,"paternal",-0.00056535317251192,0.00148509469360966,0.000436117877277385,-0.000910583082167328,-0.000810829635816413,5.8901640495722e-05,-0.000163389202600454
"ADHD_Demontis","BG.All",3,"maternal",-0.000507632978022721,0.000436117877277384,0.00128936183711247,-8.32753510620596e-05,1.22726721114825e-05,-0.000783873505608233,-0.000637686583298875
"ADHD_Demontis","BG.All",3,"gpp",1.31871508407408e-05,-0.000910583082167328,-8.32753510620599e-05,0.00341340158518993,-0.000906576845125932,-0.000355986333918165,2.31218636152956e-05
"ADHD_Demontis","BG.All",3,"gpm",2.71184465274942e-05,-0.000810829635816414,1.22726721114817e-05,-0.000906576845125931,0.0030706101956057,-0.000342705573268615,8.90083941110038e-05
"ADHD_Demontis","BG.All",3,"gmp",-7.70517320161068e-06,5.89016404957227e-05,-0.000783873505608233,-0.000355986333918165,-0.000342705573268616,0.00288094980444367,-0.000749272786162913
"ADHD_Demontis","BG.All",3,"gmm",-2.7480359018272e-06,-0.000163389202600454,-0.000637686583298874,2.31218636152955e-05,8.90083941110038e-05,-0.000749272786162913,0.00260478616268705
"ADHD_Demontis","HDL",1,"proband",0.000546998602577368,NA,NA,NA,NA,NA,NA
"ADHD_Demontis","HDL",2,"proband",0.000938678972566535,-0.00050692230533933,-0.000466682088571302,NA,NA,NA,NA
"ADHD_Demontis","HDL",2,"paternal",-0.00050692230533933,0.000958935616614285,0.000279727914777894,NA,NA,NA,NA
"ADHD_Demontis","HDL",2,"maternal",-0.000466682088571302,0.000279727914777894,0.000904002974570322,NA,NA,NA,NA
"ADHD_Demontis","HDL",3,"proband",0.000937558789890343,-0.000524906910749568,-0.000466892940368143,4.20634032745622e-06,4.58365151133905e-05,-5.37731836021903e-06,1.10268381897905e-06
"ADHD_Demontis","HDL",3,"paternal",-0.000524906910749568,0.00179603925829446,0.000461360255802074,-0.00113421722062602,-0.00106169389667932,6.50714878290198e-05,-0.00021881346572338
"ADHD_Demontis","HDL",3,"maternal",-0.000466892940368144,0.000461360255802075,0.00155250841362787,-9.38083026913747e-05,-2.22878078053124e-05,-0.000973843825728665,-0.00080898732904193
"ADHD_Demontis","HDL",3,"gpp",4.206340327456e-06,-0.00113421722062602,-9.38083026913745e-05,0.00431517698952949,-0.00114942032488774,-0.000345114456387142,-4.3063427928009e-05
"ADHD_Demontis","HDL",3,"gpm",4.58365151133913e-05,-0.00106169389667932,-2.22878078053127e-05,-0.00114942032488774,0.00394229329217549,-0.000417826814255024,0.000169634326555629
"ADHD_Demontis","HDL",3,"gmp",-5.37731836021871e-06,6.50714878290196e-05,-0.000973843825728666,-0.000345114456387142,-0.000417826814255024,0.00355270263431657,-0.000912297462515717
"ADHD_Demontis","HDL",3,"gmm",1.10268381897951e-06,-0.00021881346572338,-0.00080898732904193,-4.30634279280086e-05,0.000169634326555629,-0.000912297462515717,0.0033268585289048
"ADHD_Demontis","LDL",1,"proband",0.00055327651312768,NA,NA,NA,NA,NA,NA
"ADHD_Demontis","LDL",2,"proband",0.000940027893878052,-0.000507651051684754,-0.000467238229045918,NA,NA,NA,NA
"ADHD_Demontis","LDL",2,"paternal",-0.000507651051684754,0.000984811898423121,0.000275560626966677,NA,NA,NA,NA
"ADHD_Demontis","LDL",2,"maternal",-0.000467238229045917,0.000275560626966677,0.00092805551011177,NA,NA,NA,NA
"ADHD_Demontis","LDL",3,"proband",0.000940413252324656,-0.00052625602908738,-0.000469525115865117,7.4365921334265e-07,4.86322874372462e-05,-2.74094306080481e-06,2.19545281101437e-06
"ADHD_Demontis","LDL",3,"paternal",-0.00052625602908738,0.00185036488682169,0.000470929865467561,-0.00118129794973488,-0.0010855696717399,5.64283592001313e-05,-0.000213272479771514
"ADHD_Demontis","LDL",3,"maternal",-0.000469525115865117,0.000470929865467561,0.00162000420897155,-8.60383559434324e-05,-3.70054587246702e-05,-0.00103464427866509,-0.000854660687324671
"ADHD_Demontis","LDL",3,"gpp",7.43659213342662e-07,-0.00118129794973488,-8.60383559434323e-05,0.00445969815212332,-0.00118579375383732,-0.000416728626481314,-1.86122898175948e-05
"ADHD_Demontis","LDL",3,"gpm",4.86322874372457e-05,-0.0010855696717399,-3.70054587246702e-05,-0.00118579375383732,0.00406099639356039,-0.000402815525232474,0.000145305020434496
"ADHD_Demontis","LDL",3,"gmp",-2.74094306080505e-06,5.64283592001316e-05,-0.00103464427866509,-0.000416728626481314,-0.000402815525232474,0.00371904240426532,-0.000913431532290249
"ADHD_Demontis","LDL",3,"gmm",2.19545281101471e-06,-0.000213272479771515,-0.000854660687324672,-1.86122898175942e-05,0.000145305020434496,-0.000913431532290248,0.00343663742370877
"ADHD_Demontis","NonHDL",1,"proband",0.000544364100697868,NA,NA,NA,NA,NA,NA
"ADHD_Demontis","NonHDL",2,"proband",0.000961699006002152,-0.000520120336471035,-0.000478689231558961,NA,NA,NA,NA
"ADHD_Demontis","NonHDL",2,"paternal",-0.000520120336471034,0.00094572690580321,0.000281918108803604,NA,NA,NA,NA
"ADHD_Demontis","NonHDL",2,"maternal",-0.000478689231558961,0.000281918108803604,0.000887368407865092,NA,NA,NA,NA
"ADHD_Demontis","NonHDL",3,"proband",0.00096112976798181,-0.000537629287065508,-0.000477968549008174,7.96776224512917e-06,4.1412401259074e-05,-8.4514863040358e-06,8.10257841141307e-07
"ADHD_Demontis","NonHDL",3,"paternal",-0.000537629287065508,0.00176003369936753,0.00046129914537555,-0.00111204458388517,-0.00102049128961777,6.2917795244477e-05,-0.000203717758701005
"ADHD_Demontis","NonHDL",3,"maternal",-0.000477968549008174,0.00046129914537555,0.00152508890460259,-8.62568378783531e-05,-2.02025085329305e-05,-0.000956464390332406,-0.000789788345704959
"ADHD_Demontis","NonHDL",3,"gpp",7.96776224512915e-06,-0.00111204458388517,-8.62568378783532e-05,0.00419020656444533,-0.00110864145701737,-0.000391844720875864,-1.03052768419585e-05
"ADHD_Demontis","NonHDL",3,"gpm",4.14124012590741e-05,-0.00102049128961777,-2.02025085329305e-05,-0.00110864145701737,0.00381275752386525,-0.000398192307452754,0.000132632479526675
"ADHD_Demontis","NonHDL",3,"gmp",-8.45148630403532e-06,6.29177952444766e-05,-0.000956464390332406,-0.000391844720875863,-0.000398192307452754,0.00348434359429219,-0.000878865991373912
"ADHD_Demontis","NonHDL",3,"gmm",8.10257841141426e-07,-0.000203717758701004,-0.00078978834570496,-1.03052768419589e-05,0.000132632479526674,-0.00087886599137391,0.00321231131496656
"ADHD_Demontis","FEV1",1,"proband",0.000555128118329483,NA,NA,NA,NA,NA,NA
"ADHD_Demontis","FEV1",2,"proband",0.000904608264657834,-0.000489259770259084,-0.000447952391682925,NA,NA,NA,NA
"ADHD_Demontis","FEV1",2,"paternal",-0.000489259770259084,0.00101973916165912,0.000268678370785601,NA,NA,NA,NA
"ADHD_Demontis","FEV1",2,"maternal",-0.000447952391682925,0.000268678370785601,0.000962277364436672,NA,NA,NA,NA
"ADHD_Demontis","FEV1",3,"proband",0.00090611174757887,-0.00051099773064409,-0.000447139630901454,7.44033282572338e-06,5.06736943100734e-05,-1.23784200754267e-05,5.36918165840402e-07
"ADHD_Demontis","FEV1",3,"paternal",-0.00051099773064409,0.00195892281070093,0.000478801940322636,-0.00126988215567929,-0.00116584321665904,6.65373463343152e-05,-0.000239712570078897
"ADHD_Demontis","FEV1",3,"maternal",-0.000447139630901454,0.000478801940322636,0.00169562978646637,-9.69035805855638e-05,-4.19063219231154e-05,-0.00108885003111376,-0.000911261975972868
"ADHD_Demontis","FEV1",3,"gpp",7.44033282572327e-06,-0.00126988215567929,-9.69035805855639e-05,0.00474628151979599,-0.00125734141594986,-0.00042615158127007,-2.61722630724283e-05
"ADHD_Demontis","FEV1",3,"gpm",5.06736943100737e-05,-0.00116584321665904,-4.19063219231152e-05,-0.00125734141594986,0.00432860526382558,-0.000441424229060184,0.00018260037127303
"ADHD_Demontis","FEV1",3,"gmp",-1.23784200754268e-05,6.6537346334315e-05,-0.00108885003111376,-0.00042615158127007,-0.000441424229060184,0.00392284035295394,-0.000960510831871773
"ADHD_Demontis","FEV1",3,"gmm",5.36918165840506e-07,-0.000239712570078897,-0.000911261975972868,-2.61722630724284e-05,0.00018260037127303,-0.000960510831871775,0.0036572197683935
"AFB_Repo","HGT",1,"proband",0.000502952038288878,NA,NA,NA,NA,NA,NA
"AFB_Repo","HGT",2,"proband",0.000716295591570538,-0.000363902326722811,-0.000352829515480178,NA,NA,NA,NA
"AFB_Repo","HGT",2,"paternal",-0.000363902326722811,0.00104168486900874,0.000166359769703757,NA,NA,NA,NA
"AFB_Repo","HGT",2,"maternal",-0.000352829515480178,0.000166359769703757,0.00102906738822959,NA,NA,NA,NA
"AFB_Repo","HGT",3,"proband",0.000716449912518822,-0.000384978236278812,-0.000351291851394543,1.66635459718145e-05,3.40597417764129e-05,-7.54586912607534e-06,-3.39229742786196e-06
"AFB_Repo","HGT",3,"paternal",-0.000384978236278812,0.00218015072802449,0.000362286056004465,-0.00150316467553366,-0.0012487413329086,0.000129634816213998,-0.000163575327931618
"AFB_Repo","HGT",3,"maternal",-0.000351291851394542,0.000362286056004466,0.00212747701907545,6.28256724174744e-05,-0.000238721993369569,-0.00147338507159504,-0.00128691927954208
"AFB_Repo","HGT",3,"gpp",1.66635459718145e-05,-0.00150316467553366,6.28256724174742e-05,0.00519953350703883,-0.00113222058336053,-0.00089285484652402,-0.000195428653581383
"AFB_Repo","HGT",3,"gpm",3.40597417764134e-05,-0.0012487413329086,-0.000238721993369569,-0.00113222058336052,0.00383084017734805,-9.93083431519496e-05,0.000472307615146868
"AFB_Repo","HGT",3,"gmp",-7.54586912607592e-06,0.000129634816213999,-0.00147338507159504,-0.000892854846524022,-9.93083431519478e-05,0.00485831544680699,-0.000930827132661703
"AFB_Repo","HGT",3,"gmm",-3.39229742786173e-06,-0.000163575327931618,-0.00128691927954208,-0.000195428653581383,0.000472307615146869,-0.000930827132661704,0.00412603533342949
"AFB_Repo","EA",1,"proband",0.000544672628042816,NA,NA,NA,NA,NA,NA
"AFB_Repo","EA",2,"proband",0.000896820174853897,-0.000455463182104036,-0.000440332797833336,NA,NA,NA,NA
"AFB_Repo","EA",2,"paternal",-0.000455463182104036,0.000915307713690131,0.000211136241012251,NA,NA,NA,NA
"AFB_Repo","EA",2,"maternal",-0.000440332797833337,0.000211136241012251,0.000902569473435258,NA,NA,NA,NA
"AFB_Repo","EA",3,"proband",0.000898875452048502,-0.000485173223489819,-0.000440036546026405,2.08833033190926e-05,4.73422226106873e-05,-3.52638766111933e-06,-9.31752927566032e-06
"AFB_Repo","EA",3,"paternal",-0.000485173223489819,0.00188058143880663,0.000379505222337936,-0.00124832268597841,-0.00103413196064565,8.92527840006363e-05,-0.00011213162573696
"AFB_Repo","EA",3,"maternal",-0.000440036546026405,0.000379505222337936,0.00177637529077342,6.1516396194344e-05,-0.00021728066869209,-0.00116849783064952,-0.00101749704197079
"AFB_Repo","EA",3,"gpp",2.08833033190926e-05,-0.00124832268597841,6.15163961943433e-05,0.0042749152499182,-0.000950563709995664,-0.000727489997738601,-0.000173722556622645
"AFB_Repo","EA",3,"gpm",4.73422226106874e-05,-0.00103413196064565,-0.00021728066869209,-0.000950563709995664,0.00315793196994724,-7.11214186041593e-05,0.000370161644511685
"AFB_Repo","EA",3,"gmp",-3.52638766111954e-06,8.92527840006371e-05,-0.00116849783064952,-0.000727489997738603,-7.11214186041587e-05,0.00391899331605586,-0.000787029094447916
"AFB_Repo","EA",3,"gmm",-9.31752927566041e-06,-0.00011213162573696,-0.00101749704197079,-0.000173722556622645,0.000370161644511685,-0.000787029094447916,0.00332430801273441
"AFB_Repo","COG",1,"proband",0.000905123180786496,NA,NA,NA,NA,NA,NA
"AFB_Repo","COG",2,"proband",0.00147377291216794,-0.000724753176131969,-0.000685180976581575,NA,NA,NA,NA
"AFB_Repo","COG",2,"paternal",-0.000724753176131969,0.00144739516794874,0.000317432808204347,NA,NA,NA,NA
"AFB_Repo","COG",2,"maternal",-0.000685180976581575,0.000317432808204347,0.00140253880480745,NA,NA,NA,NA
"AFB_Repo","COG",3,"proband",0.00144093549148501,-0.000774731608537578,-0.000660380008944784,8.97853219873883e-05,8.49606864158881e-05,-9.00192351065638e-05,3.99108631634957e-05
"AFB_Repo","COG",3,"paternal",-0.000774731608537578,0.00295234866036631,0.000507416450857356,-0.00200724465476933,-0.00170512253584798,0.000244817764189761,-7.18658800415019e-05
"AFB_Repo","COG",3,"maternal",-0.000660380008944785,0.000507416450857357,0.00264324582865297,3.29022823220314e-05,-0.000154834190284864,-0.00171231120253086,-0.00150829863881218
"AFB_Repo","COG",3,"gpp",8.97853219873879e-05,-0.00200724465476933,3.2902282322032e-05,0.00791804286952876,-0.00223632866737693,-0.00114804153596247,-0.000287167658194016
"AFB_Repo","COG",3,"gpm",8.49606864158874e-05,-0.00170512253584798,-0.000154834190284862,-0.00223632866737693,0.00580323773454163,-0.000338214735214059,0.000353340479034657
"AFB_Repo","COG",3,"gmp",-9.00192351065628e-05,0.000244817764189759,-0.00171231120253086,-0.00114804153596247,-0.000338214735214057,0.0059105417979992,-0.00126596190340819
"AFB_Repo","COG",3,"gmm",3.99108631634957e-05,-7.18658800415021e-05,-0.00150829863881218,-0.000287167658194016,0.000353340479034658,-0.00126596190340819,0.00516916676426576
"AFB_Repo","AFB",1,"proband",0.00152629037133498,NA,NA,NA,NA,NA,NA
"AFB_Repo","AFB",2,"proband",0.00278167085329923,-0.00139867583886187,-0.00134857471342339,NA,NA,NA,NA
"AFB_Repo","AFB",2,"paternal",-0.00139867583886187,0.00231832286778696,0.000650246534341518,NA,NA,NA,NA
"AFB_Repo","AFB",2,"maternal",-0.00134857471342339,0.000650246534341518,0.00239223811109139,NA,NA,NA,NA
"AFB_Repo","AFB",3,"proband",0.00279116183114404,-0.00142417140726296,-0.00125740282122229,6.46417695950002e-05,2.2310557898586e-05,-0.000191722763700812,-6.17845361743895e-05
"AFB_Repo","AFB",3,"paternal",-0.00142417140726297,0.00448124074767833,0.00109918893527903,-0.00271228914581015,-0.00253948262922422,1.31240428527115e-05,-7.47455613785973e-05
"AFB_Repo","AFB",3,"maternal",-0.0012574028212223,0.00109918893527903,0.00478289128196318,0.000376888355627973,-0.000875150525938593,-0.00341946879297564,-0.00251421796055506
"AFB_Repo","AFB",3,"gpp",6.46417695949999e-05,-0.00271228914581015,0.000376888355627974,0.00994957606123304,-0.00242386169615377,-0.00219283650911272,-0.000223928175088731
"AFB_Repo","AFB",3,"gpm",2.23105578985875e-05,-0.00253948262922422,-0.000875150525938593,-0.00242386169615377,0.00795793745936285,0.000494931045225866,0.000528486272365288
"AFB_Repo","AFB",3,"gmp",-0.000191722763700808,1.31240428527072e-05,-0.00341946879297564,-0.00219283650911273,0.00049493104522587,0.0105438026021691,-0.00155697936593789
"AFB_Repo","AFB",3,"gmm",-6.17845361743881e-05,-7.47455613785983e-05,-0.00251421796055506,-0.000223928175088731,0.000528486272365289,-0.00155697936593789,0.00781717291887579
"AFB_Repo","NEB",1,"proband",0.001009432301113,NA,NA,NA,NA,NA,NA
"AFB_Repo","NEB",2,"proband",0.00200084160905542,-0.00102944218829544,-0.000967373382589662,NA,NA,NA,NA
"AFB_Repo","NEB",2,"paternal",-0.00102944218829544,0.00154497904594684,0.00050384134588623,NA,NA,NA,NA
"AFB_Repo","NEB",2,"maternal",-0.000967373382589662,0.00050384134588623,0.00147966555657406,NA,NA,NA,NA
"AFB_Repo","NEB",3,"proband",0.00200339200167176,-0.0010861172705937,-0.00097333277710552,2.16131443859005e-05,0.000114210689389019,-2.50732670849161e-05,1.32636365682261e-05
"AFB_Repo","NEB",3,"paternal",-0.0010861172705937,0.00278797306618635,0.00073608883491202,-0.00159876435495852,-0.00142893793412332,5.47261129825011e-05,-4.18201095865576e-05
"AFB_Repo","NEB",3,"maternal",-0.00097333277710552,0.00073608883491202,0.00280464987931246,0.00027572386715618,-0.000501925227813588,-0.00183735408637725,-0.00147057975685335
"AFB_Repo","NEB",3,"gpp",2.16131443859006e-05,-0.00159876435495852,0.000275723867156181,0.00637790530576176,-0.00183253390982237,-0.00129057376630562,-0.000234173906973155
"AFB_Repo","NEB",3,"gpm",0.000114210689389019,-0.00142893793412332,-0.000501925227813588,-0.00183253390982237,0.00484353847210516,0.000220772897104953,0.000384857605414693
"AFB_Repo","NEB",3,"gmp",-2.50732670849166e-05,5.4726112982501e-05,-0.00183735408637725,-0.00129057376630562,0.000220772897104953,0.00595584130303305,-0.00109051503439083
"AFB_Repo","NEB",3,"gmm",1.3263636568226e-05,-4.18201095865573e-05,-0.00147057975685335,-0.000234173906973155,0.000384857605414693,-0.00109051503439083,0.00475644842269627
