(Intercept) covarSEX covarYOB covarYOBsq covarSEX_YOB covarSEX_YOBsq covarPC1 covarPC2 covarPC3 covarPC4 covarPC5 covarPC6 covarPC7 covarPC8 covarPC9 covarPC10 covarPC11 covarPC12 covarPC13 covarPC14 covarPC15 covarPC16 covarPC17 covarPC18 covarPC19 covarPC20 proband paternal maternal gpp gpm gmp gmm
(Intercept) 0.00319964473544547 0.530307399815455 0.0240982619348645 -0.0240656078207761 -1.05508184707011 0.524757130099866 -4.29687871803775e-05 5.37816780655275e-05 -4.00422775723966e-05 4.22906363842767e-05 9.38090316807559e-06 -1.75395263996937e-05 3.2860071305463e-05 5.81502034007121e-06 2.14268375023634e-05 7.01778194969908e-06 -6.42383905913027e-05 1.84281401537912e-05 6.88326767198294e-06 -1.57923608910998e-05 7.44734602079925e-06 1.69774318731114e-05 1.35053384251773e-05 2.72039696561733e-05 -2.58699550923376e-05 3.80930744399829e-05 4.0112975635078e-05 7.01038567579933e-05 -0.000315539318354785 -0.000641810793049691 -0.000211423843820307 0.000388638235298444 0.000640274060309746
covarSEX 0.530307399815455 2803658.74272635 28613.464051087 -28614.4970214751 -5610140.86930018 2806613.37450562 -1.01134386980032 -4.36799820144656 0.825929778959539 0.31451463169269 -2.33968905894104 2.71215370606577 0.703341880773936 -1.88284658245852 3.58576472434931 0.60976930806238 2.00454197153617 -0.141035598619876 0.853016139983665 -1.49942227186614 2.86641274496178 0.433983467636708 -2.10020378299013 -4.19460088045159 -2.8442058576279 1.31036301471909 2.62676544861211 0.459754370707915 0.0135800412855448 6.3171643699991 -6.28839043498773 -3.75817745881086 2.2359376354891
covarYOB 0.0240982619348645 28613.464051087 569.96794744744 -570.005776114061 -57258.2436064655 28646.1085569417 -0.0347534512264366 -0.0754542594643265 0.0265049361259074 -0.0238554247202607 -2.32804470799294e-05 0.0117993382473587 0.0131508218844692 0.0444670933797154 0.0383000084126404 0.0367738977438158 0.043346877832398 0.0386662422381578 0.00709165874757644 0.0265643180700687 -0.00403929845976284 -0.0361854020884901 -0.0245820536177229 -0.0578490205902517 -0.0494567006584424 -0.00674886473426778 0.0424989218928214 0.00250973402595859 -0.0299852357800506 0.114036109226374 -0.147666125912745 -0.132301373202789 0.0548761177641749
covarYOBsq -0.0240656078207761 -28614.4970214751 -570.005776114061 570.049262264793 57260.8647919359 -28647.6970586728 0.0345159077679442 0.0755330406309731 -0.0264214796167401 0.0239107553320592 9.59335279117171e-05 -0.0119261782863114 -0.0130122267369611 -0.0445838339588019 -0.0381733469705278 -0.0366345576522533 -0.0433170076515024 -0.0388015815649601 -0.00698223265714087 -0.026688350894655 0.00416457147099939 0.0363066214259444 0.0244797482871137 0.0578977477541942 0.0493666596244012 0.00683859880696101 -0.0423853534965356 -0.00254236934066088 0.0299998381348937 -0.114036678890572 0.14765273569937 0.132413411500554 -0.0551596529772615
covarSEX_YOB -1.05508184707011 -5610140.86930018 -57258.2436064655 57260.8647919359 11226043.1611586 -5616164.94563479 2.01081217715894 8.73749241682186 -1.64070774882347 -0.636503007953224 4.69390388374184 -5.42149567313944 -1.38868669350913 3.75167639631359 -7.18038937425796 -1.21881767422165 -4.01561422176114 0.288952534438339 -1.70149418084313 3.00035294736438 -5.7369558446259 -0.86494745147306 4.20644073571559 8.39664870527804 5.68545302096434 -2.61509645507054 -5.2497054237729 -0.905041222511711 -0.0258976912872544 -12.6412288816689 12.5770219415468 7.52618841652589 -4.5193700062628
covarSEX_YOBsq 0.524757130099866 2806613.37450562 28646.1085569417 -28647.6970586728 -5616164.94563479 2809682.98557212 -0.999638170754589 -4.3697405615278 0.814807932936098 0.322031605457417 -2.35444206084984 2.70951936255931 0.685363731450008 -1.8688957236569 3.59481010414615 0.60908330885029 2.01122454975253 -0.147900142923731 0.84845241611134 -1.50099578298424 2.87075222366052 0.43108301655709 -2.1062514225141 -4.20222677291756 -2.84137047400491 1.30474966730196 2.62296514445256 0.445375863506894 0.0124445695864921 6.32426504275518 -6.28891058630938 -3.76844362332302 2.28371500651652
covarPC1 -4.29687871803775e-05 -1.01134386980032 -0.0347534512264366 0.0345159077679442 2.01081217715894 -0.999638170754589 0.00365388291782107 -0.000471984273234984 -0.000325400163540865 -6.1953461313301e-05 -0.000182307540046658 6.22177982215166e-05 2.39339283409981e-05 4.78260765428284e-05 -2.41112397249933e-05 4.96190966792278e-05 1.2543583694626e-05 0.000410068388566281 -0.000150183501344384 -0.000190717622774749 -0.000472958414452508 -0.000376794972772443 0.000183019542454294 1.48579514500853e-05 0.000145986940732196 1.34891293858479e-05 0.000152816658098179 0.000289966208510391 0.000129556004977136 0.000309458461166834 0.000286717020395647 0.000241730543752185 1.77594811980924e-05
covarPC2 5.37816780655275e-05 -4.36799820144656 -0.0754542594643265 0.0755330406309731 8.73749241682186 -4.3697405615278 -0.000471984273234984 0.00287642443104737 0.000188678074543339 0.000223587774000544 -6.42866352754148e-05 -6.5970678655491e-05 -5.03462806648552e-05 0.000118159832141343 -3.92139253061626e-05 -1.5184543987749e-05 -1.71621673864475e-05 -0.000158783089111314 0.000103608151150493 -0.000147731138339647 3.4471526127701e-06 6.82068313730531e-06 7.35353952961941e-05 4.48721887519213e-05 -6.9489956338293e-05 -3.9489665528424e-05 -2.90906612260747e-05 0.000295308895942727 -1.43822808729795e-05 -0.00059046820844685 -0.000170159484745509 0.000479796569771972 4.09666904342176e-06
covarPC3 -4.00422775723966e-05 0.825929778959539 0.0265049361259074 -0.0264214796167401 -1.64070774882347 0.814807932936098 -0.000325400163540865 0.000188678074543339 0.00351705807202765 0.000103153516151494 0.000491611600513083 7.07598929830502e-06 0.000218416425249126 -0.000109290963016924 -0.000421368170202923 -3.12449780581913e-05 0.000210382116059094 1.6836504447553e-05 -0.000307970517532971 4.33658914487801e-05 -2.42642213233963e-05 0.00010937517489697 -0.000226843296800431 -0.000254449994030791 0.000195154404404395 6.18328361909601e-05 -4.08685733774676e-05 -0.000201888415744657 -0.000269636006472925 -7.08659956533697e-05 -0.000127079569281052 -0.000181796026807842 5.26917640875551e-05
covarPC4 4.22906363842767e-05 0.31451463169269 -0.0238554247202607 0.0239107553320592 -0.636503007953224 0.322031605457417 -6.1953461313301e-05 0.000223587774000544 0.000103153516151494 0.0033425663771411 0.000477038184739679 -0.000116843553538012 7.2260465998621e-05 -0.00036464410985648 0.000118333731991157 0.000105619089880483 9.26177024776077e-05 -0.000316250749971684 -0.000211929291300347 -1.54231352734039e-05 -2.21739697765336e-05 3.4980118817262e-05 -3.75332930606664e-06 -0.000187463398736258 -4.6457301005599e-05 5.5879964014811e-05 7.98459477999107e-05 -0.000374133544952287 -5.72075556864282e-05 0.000261997241417673 0.000327040605930837 5.19028238064194e-05 0.000389794031774604
covarPC5 9.38090316807559e-06 -2.33968905894104 -2.32804470799294e-05 9.59335279117171e-05 4.69390388374184 -2.35444206084984 -0.000182307540046658 -6.42866352754148e-05 0.000491611600513083 0.000477038184739679 0.00314800295603817 7.51182004891181e-05 0.000254018142673591 -0.000177812313095045 -0.000127154809902339 -9.72748743994687e-05 -0.000219375616174429 9.77645589113469e-05 -0.000275231190648967 0.000128665509503712 -1.35960525002609e-06 -3.13422379377334e-05 0.000169217750950238 -1.47554588592842e-05 4.97052814490624e-05 -2.31566863459048e-05 -2.48195013200116e-05 -4.47624110651677e-05 -0.000290615415609792 -0.000111884909603124 9.2098752540871e-05 0.000388571686329572 -0.000171599685185027
covarPC6 -1.75395263996937e-05 2.71215370606577 0.0117993382473587 -0.0119261782863114 -5.42149567313944 2.70951936255931 6.22177982215166e-05 -6.5970678655491e-05 7.07598929830502e-06 -0.000116843553538012 7.51182004891181e-05 0.00277282522168962 -1.82991217291553e-05 4.59208927981032e-05 4.72224025701273e-05 1.07456807661398e-06 -8.61682371122277e-05 -1.79027148097896e-05 -3.26086069185648e-05 -4.65138092410368e-05 -2.49702789866687e-05 -1.91319975358175e-05 6.31236288490226e-05 -8.17303492058323e-05 -4.91911868921539e-05 -9.78466927869861e-05 3.23653500874627e-05 -5.09991397370396e-05 -5.94694020730887e-05 0.000145131681028489 5.62368615905409e-06 5.64490678101887e-05 -5.26359889578489e-05
covarPC7 3.2860071305463e-05 0.703341880773936 0.0131508218844692 -0.0130122267369611 -1.38868669350913 0.685363731450008 2.39339283409981e-05 -5.03462806648552e-05 0.000218416425249126 7.2260465998621e-05 0.000254018142673591 -1.82991217291553e-05 0.00291599411315035 0.000178428714264087 -5.13492641494074e-05 -2.1977944542885e-05 0.000331249419559066 6.27863818619449e-05 7.72408505923669e-05 -9.70697884379664e-05 -0.000129885385464378 -3.32921091757327e-06 -0.000147894250027402 4.34973918375266e-05 2.86852396135395e-05 -0.000121537962537351 3.85858397565025e-05 0.000125249963491976 -0.000155092495157468 -0.000389325799260602 -4.08129206374419e-05 0.000562258879623697 -0.000241719778669503
covarPC8 5.81502034007121e-06 -1.88284658245852 0.0444670933797154 -0.0445838339588019 3.75167639631359 -1.8688957236569 4.78260765428284e-05 0.000118159832141343 -0.000109290963016924 -0.00036464410985648 -0.000177812313095045 4.59208927981032e-05 0.000178428714264087 0.00289788804651367 7.24332021140486e-05 0.000103043963743362 -0.000193317178702237 8.56280724267359e-05 -3.32899201495793e-05 -9.36272835433697e-05 -0.000114628046807831 7.58392482110418e-05 3.84890915308329e-05 -0.000200160013743755 -5.67076419842603e-05 3.71145945704904e-05 5.42331298342778e-05 -6.07429879528909e-05 4.98509236940606e-05 7.38884614374216e-05 5.54368863781849e-05 -0.000205753838117281 0.000275401089029189
covarPC9 2.14268375023634e-05 3.58576472434931 0.0383000084126404 -0.0381733469705278 -7.18038937425796 3.59481010414615 -2.41112397249933e-05 -3.92139253061626e-05 -0.000421368170202923 0.000118333731991157 -0.000127154809902339 4.72224025701273e-05 -5.13492641494074e-05 7.24332021140486e-05 0.00290769255184627 -5.91308950147149e-05 -1.55598139977188e-06 -0.000110857813175847 3.18279885383441e-05 -0.000201218994613433 0.000106783377294542 7.61090249815275e-05 0.000140768849288236 -0.000127999068133375 -7.95139593105175e-05 -0.000191715713180987 -1.14638429891563e-05 7.29255270401691e-05 9.50869921849691e-05 -0.000152745929577214 -7.00403132889036e-05 -0.000215355704712826 -9.20142010746583e-05
covarPC10 7.01778194969908e-06 0.60976930806238 0.0367738977438158 -0.0366345576522533 -1.21881767422165 0.60908330885029 4.96190966792278e-05 -1.5184543987749e-05 -3.12449780581913e-05 0.000105619089880483 -9.72748743994687e-05 1.07456807661398e-06 -2.1977944542885e-05 0.000103043963743362 -5.91308950147149e-05 0.00273435669173702 -0.00011934022633249 -1.55044695757165e-05 -5.34416512386158e-05 -2.50919970515959e-05 6.19562786069173e-05 -7.82711829976383e-05 1.9243495436994e-05 5.03059910212923e-05 9.38348923306374e-05 5.77993885967185e-05 0.000144775575522428 -3.28891127696413e-05 -8.94318204820709e-05 -0.000177654702474596 7.21232741280409e-05 -0.000108868351295731 0.000117099130990212
covarPC11 -6.42383905913027e-05 2.00454197153617 0.043346877832398 -0.0433170076515024 -4.01561422176114 2.01122454975253 1.2543583694626e-05 -1.71621673864475e-05 0.000210382116059094 9.26177024776077e-05 -0.000219375616174429 -8.61682371122277e-05 0.000331249419559066 -0.000193317178702237 -1.55598139977188e-06 -0.00011934022633249 0.00294806318845575 -1.57596961231396e-05 -4.44445210949452e-05 -0.000120151428618279 7.82795300090229e-05 5.01046636932161e-05 9.68779747156584e-05 -6.71934032035172e-06 0.000186237775045745 3.86576069046642e-05 -4.59429350791931e-05 0.0001737244162224 -3.12178875886036e-05 -0.000178878437982374 -0.000148221419474311 0.00015766013773581 -0.000156432932088368
covarPC12 1.84281401537912e-05 -0.141035598619876 0.0386662422381578 -0.0388015815649601 0.288952534438339 -0.147900142923731 0.000410068388566281 -0.000158783089111314 1.6836504447553e-05 -0.000316250749971684 9.77645589113469e-05 -1.79027148097896e-05 6.27863818619449e-05 8.56280724267359e-05 -0.000110857813175847 -1.55044695757165e-05 -1.57596961231396e-05 0.00290533810241817 3.1167325588841e-05 -1.26770632835645e-06 -0.000121626055836335 6.2677892827644e-05 -2.59780876335878e-05 -6.93891956747474e-05 -4.07631950425568e-05 -0.000158547718107165 -5.14826186355855e-05 8.40543740948123e-05 0.000144298584616446 -0.000106784268667693 0.000150682464315537 -0.000355277396889039 0.000348663759975415
covarPC13 6.88326767198294e-06 0.853016139983665 0.00709165874757644 -0.00698223265714087 -1.70149418084313 0.84845241611134 -0.000150183501344384 0.000103608151150493 -0.000307970517532971 -0.000211929291300347 -0.000275231190648967 -3.26086069185648e-05 7.72408505923669e-05 -3.32899201495793e-05 3.18279885383441e-05 -5.34416512386158e-05 -4.44445210949452e-05 3.1167325588841e-05 0.00288879620976674 -0.00016269548831326 0.000243917251065005 6.1760028844843e-05 3.34116177006408e-05 -4.48620817129832e-05 5.95112370922071e-06 4.52092476968893e-05 -5.82222769739688e-06 -9.09898020402219e-05 -0.000209151560225482 -0.00031623943105889 0.000213025568641082 2.48578181234625e-06 0.000113920494844588
covarPC14 -1.57923608910998e-05 -1.49942227186614 0.0265643180700687 -0.026688350894655 3.00035294736438 -1.50099578298424 -0.000190717622774749 -0.000147731138339647 4.33658914487801e-05 -1.54231352734039e-05 0.000128665509503712 -4.65138092410368e-05 -9.70697884379664e-05 -9.36272835433697e-05 -0.000201218994613433 -2.50919970515959e-05 -0.000120151428618279 -1.26770632835645e-06 -0.00016269548831326 0.00282404636372435 -5.57894286986212e-05 8.99918892388797e-06 -6.77984277381057e-06 5.59254237445558e-05 -3.31671098572696e-05 -2.78098011569979e-06 0.000125241580445059 -0.000188489896434929 -0.000226701816036588 0.000152667240651084 0.000134827414061687 0.000192318738825598 -0.000196331868438821
covarPC15 7.44734602079925e-06 2.86641274496178 -0.00403929845976284 0.00416457147099939 -5.7369558446259 2.87075222366052 -0.000472958414452508 3.4471526127701e-06 -2.42642213233963e-05 -2.21739697765336e-05 -1.35960525002609e-06 -2.49702789866687e-05 -0.000129885385464378 -0.000114628046807831 0.000106783377294542 6.19562786069173e-05 7.82795300090229e-05 -0.000121626055836335 0.000243917251065005 -5.57894286986212e-05 0.00288792159395646 0.00011717168313972 -0.000174297847182436 -6.57692955128281e-05 -4.69801477709748e-05 9.67573967452216e-06 2.91718201819865e-05 0.000162413881165564 0.000109480496356292 0.00028099678690947 -0.000360148539021535 -0.000434199289758789 0.000157333225005365
covarPC16 1.69774318731114e-05 0.433983467636708 -0.0361854020884901 0.0363066214259444 -0.86494745147306 0.43108301655709 -0.000376794972772443 6.82068313730531e-06 0.00010937517489697 3.4980118817262e-05 -3.13422379377334e-05 -1.91319975358175e-05 -3.32921091757327e-06 7.58392482110418e-05 7.61090249815275e-05 -7.82711829976383e-05 5.01046636932161e-05 6.2677892827644e-05 6.1760028844843e-05 8.99918892388797e-06 0.00011717168313972 0.00282319007102996 -0.000130362026705443 4.27887469586194e-06 -0.00014287973313595 -3.84956851563501e-05 9.5162916002927e-06 7.42369860420422e-06 -2.62296163738084e-05 0.000228376942663174 -2.88301151661987e-05 -0.000134825042947887 0.000299008620637773
covarPC17 1.35053384251773e-05 -2.10020378299013 -0.0245820536177229 0.0244797482871137 4.20644073571559 -2.1062514225141 0.000183019542454294 7.35353952961941e-05 -0.000226843296800431 -3.75332930606664e-06 0.000169217750950238 6.31236288490226e-05 -0.000147894250027402 3.84890915308329e-05 0.000140768849288236 1.9243495436994e-05 9.68779747156584e-05 -2.59780876335878e-05 3.34116177006408e-05 -6.77984277381057e-06 -0.000174297847182436 -0.000130362026705443 0.00283204565765185 7.9700809890223e-05 -5.14106274648281e-05 1.19901026600811e-05 -7.98192623768521e-05 9.51486151052747e-05 0.000296518288988005 0.000117928001883891 3.45553512763152e-05 -0.00045198428782131 -0.000118945439819552
covarPC18 2.72039696561733e-05 -4.19460088045159 -0.0578490205902517 0.0578977477541942 8.39664870527804 -4.20222677291756 1.48579514500853e-05 4.48721887519213e-05 -0.000254449994030791 -0.000187463398736258 -1.47554588592842e-05 -8.17303492058323e-05 4.34973918375266e-05 -0.000200160013743755 -0.000127999068133375 5.03059910212923e-05 -6.71934032035172e-06 -6.93891956747474e-05 -4.48620817129832e-05 5.59254237445558e-05 -6.57692955128281e-05 4.27887469586194e-06 7.9700809890223e-05 0.00284197643198437 -3.12954084415446e-05 1.14269301201421e-05 -1.11620406899093e-05 2.95779141875218e-05 -0.000159553373552803 -0.000117893994566162 5.67485783664211e-05 0.000536388801789645 -0.000344383542455064
covarPC19 -2.58699550923376e-05 -2.8442058576279 -0.0494567006584424 0.0493666596244012 5.68545302096434 -2.84137047400491 0.000145986940732196 -6.9489956338293e-05 0.000195154404404395 -4.6457301005599e-05 4.97052814490624e-05 -4.91911868921539e-05 2.86852396135395e-05 -5.67076419842603e-05 -7.95139593105175e-05 9.38348923306374e-05 0.000186237775045745 -4.07631950425568e-05 5.95112370922071e-06 -3.31671098572696e-05 -4.69801477709748e-05 -0.00014287973313595 -5.14106274648281e-05 -3.12954084415446e-05 0.00278494718261265 0.000157158531781672 -4.61408008874786e-05 0.000150378290695001 -2.47571458042636e-06 6.83206251618429e-05 -0.000288023212504848 0.000184980861134251 -7.04399972128491e-05
covarPC20 3.80930744399829e-05 1.31036301471909 -0.00674886473426778 0.00683859880696101 -2.61509645507054 1.30474966730196 1.34891293858479e-05 -3.9489665528424e-05 6.18328361909601e-05 5.5879964014811e-05 -2.31566863459048e-05 -9.78466927869861e-05 -0.000121537962537351 3.71145945704904e-05 -0.000191715713180987 5.77993885967185e-05 3.86576069046642e-05 -0.000158547718107165 4.52092476968893e-05 -2.78098011569979e-06 9.67573967452216e-06 -3.84956851563501e-05 1.19901026600811e-05 1.14269301201421e-05 0.000157158531781672 0.00279776446885728 0.000105918896494049 -0.000129864960683364 -4.74020937275865e-05 -0.000134843272304798 0.000257811385070939 -0.000105975578074151 0.000121630862202478
proband 4.0112975635078e-05 2.62676544861211 0.0424989218928214 -0.0423853534965356 -5.2497054237729 2.62296514445256 0.000152816658098179 -2.90906612260747e-05 -4.08685733774676e-05 7.98459477999107e-05 -2.48195013200116e-05 3.23653500874627e-05 3.85858397565025e-05 5.42331298342778e-05 -1.14638429891563e-05 0.000144775575522428 -4.59429350791931e-05 -5.14826186355855e-05 -5.82222769739688e-06 0.000125241580445059 2.91718201819865e-05 9.5162916002927e-06 -7.98192623768521e-05 -1.11620406899093e-05 -4.61408008874786e-05 0.000105918896494049 0.00506909650331455 -0.00263700841765391 -0.00236613230955345 0.000194188837959946 1.63918520993851e-05 -0.000234215660919983 1.6864131333413e-05
paternal 7.01038567579933e-05 0.459754370707915 0.00250973402595859 -0.00254236934066088 -0.905041222511711 0.445375863506894 0.000289966208510391 0.000295308895942727 -0.000201888415744657 -0.000374133544952287 -4.47624110651677e-05 -5.09991397370396e-05 0.000125249963491976 -6.07429879528909e-05 7.29255270401691e-05 -3.28891127696413e-05 0.0001737244162224 8.40543740948123e-05 -9.09898020402219e-05 -0.000188489896434929 0.000162413881165564 7.42369860420422e-06 9.51486151052747e-05 2.95779141875218e-05 0.000150378290695001 -0.000129864960683364 -0.00263700841765391 0.00937372291316397 0.00194946097551503 -0.00633597499360268 -0.00542049587256883 0.000410727603451852 -0.000854357388759205
maternal -0.000315539318354785 0.0135800412855448 -0.0299852357800506 0.0299998381348937 -0.0258976912872544 0.0124445695864921 0.000129556004977136 -1.43822808729795e-05 -0.000269636006472925 -5.72075556864282e-05 -0.000290615415609792 -5.94694020730887e-05 -0.000155092495157468 4.98509236940606e-05 9.50869921849691e-05 -8.94318204820709e-05 -3.12178875886036e-05 0.000144298584616446 -0.000209151560225482 -0.000226701816036588 0.000109480496356292 -2.62296163738084e-05 0.000296518288988005 -0.000159553373552803 -2.47571458042636e-06 -4.74020937275865e-05 -0.00236613230955345 0.00194946097551503 0.00845467896238798 0.00131183332622388 -0.00138270293722385 -0.00667090695034612 -0.00388844657353033
gpp -0.000641810793049691 6.3171643699991 0.114036109226374 -0.114036678890572 -12.6412288816689 6.32426504275518 0.000309458461166834 -0.00059046820844685 -7.08659956533697e-05 0.000261997241417673 -0.000111884909603124 0.000145131681028489 -0.000389325799260602 7.38884614374216e-05 -0.000152745929577214 -0.000177654702474596 -0.000178878437982374 -0.000106784268667693 -0.00031623943105889 0.000152667240651084 0.00028099678690947 0.000228376942663174 0.000117928001883891 -0.000117893994566162 6.83206251618429e-05 -0.000134843272304798 0.000194188837959946 -0.00633597499360268 0.00131183332622388 0.0201004430932425 -0.00448338499360578 -0.00342094859691021 -0.00128469002784413
gpm -0.000211423843820307 -6.28839043498773 -0.147666125912745 0.14765273569937 12.5770219415468 -6.28891058630938 0.000286717020395647 -0.000170159484745509 -0.000127079569281052 0.000327040605930837 9.2098752540871e-05 5.62368615905409e-06 -4.08129206374419e-05 5.54368863781849e-05 -7.00403132889036e-05 7.21232741280409e-05 -0.000148221419474311 0.000150682464315537 0.000213025568641082 0.000134827414061687 -0.000360148539021535 -2.88301151661987e-05 3.45553512763152e-05 5.67485783664211e-05 -0.000288023212504848 0.000257811385070939 1.63918520993851e-05 -0.00542049587256883 -0.00138270293722385 -0.00448338499360578 0.0179871102985679 -5.85429839120691e-05 0.00169096188331881
gmp 0.000388638235298444 -3.75817745881086 -0.132301373202789 0.132413411500554 7.52618841652589 -3.76844362332302 0.000241730543752185 0.000479796569771972 -0.000181796026807842 5.19028238064194e-05 0.000388571686329572 5.64490678101887e-05 0.000562258879623697 -0.000205753838117281 -0.000215355704712826 -0.000108868351295731 0.00015766013773581 -0.000355277396889039 2.48578181234625e-06 0.000192318738825598 -0.000434199289758789 -0.000134825042947887 -0.00045198428782131 0.000536388801789645 0.000184980861134251 -0.000105975578074151 -0.000234215660919983 0.000410727603451852 -0.00667090695034612 -0.00342094859691021 -5.85429839120691e-05 0.0200037584327027 -0.00320592016355287
gmm 0.000640274060309746 2.2359376354891 0.0548761177641749 -0.0551596529772615 -4.5193700062628 2.28371500651652 1.77594811980924e-05 4.09666904342176e-06 5.26917640875551e-05 0.000389794031774604 -0.000171599685185027 -5.26359889578489e-05 -0.000241719778669503 0.000275401089029189 -9.20142010746583e-05 0.000117099130990212 -0.000156432932088368 0.000348663759975415 0.000113920494844588 -0.000196331868438821 0.000157333225005365 0.000299008620637773 -0.000118945439819552 -0.000344383542455064 -7.04399972128491e-05 0.000121630862202478 1.6864131333413e-05 -0.000854357388759205 -0.00388844657353033 -0.00128469002784413 0.00169096188331881 -0.00320592016355287 0.0139592378660711
