(Intercept) covarage covarsex covarage_sex covarPC_3 covarPC_4 proband
(Intercept) 0.007145669048998 0.00607515761711645 0.00192618039570774 -0.00494359392630023 0.00017386677488916 8.60086582790995e-05 -0.000356422800964376
covarage 0.00607515761711645 0.00905664219020213 0.00689457207532566 -0.0146068633594088 5.79586012700136e-05 4.69409922004516e-05 -4.64960448445546e-05
covarsex 0.00192618039570774 0.00689457207532566 0.00959201658895628 -0.017398858091995 -2.96432752440204e-05 3.6451252472162e-05 -1.87172195063746e-05
covarage_sex -0.00494359392630023 -0.0146068633594088 -0.017398858091995 0.0355237384824901 4.24109132889279e-05 1.60675164667061e-05 -1.63920559310193e-06
covarPC_3 0.00017386677488916 5.79586012700136e-05 -2.96432752440204e-05 4.24109132889279e-05 0.00121557835334754 3.65627765170951e-05 4.76761269348926e-05
covarPC_4 8.60086582790995e-05 4.69409922004516e-05 3.6451252472162e-05 1.60675164667061e-05 3.65627765170951e-05 0.00122290206516887 -4.2462926863981e-05
proband -0.000356422800964376 -4.64960448445546e-05 -1.87172195063746e-05 -1.63920559310193e-06 4.76761269348926e-05 -4.2462926863981e-05 0.00100136010069639
