(Intercept) covarage covarsex covarage_sex covarPC_3 covarPC_4 proband
(Intercept) 0.000256660314138918 1.92822949512381e-05 -1.38943989185863e-05 0.000125397419884885 3.44831393707916e-05 5.62716277262894e-06 -4.23823777563873e-05
covarage 1.92822949512381e-05 0.000373440731995103 0.000541141100707281 -0.000598351727380347 -2.47174737308673e-06 1.56441712096166e-05 3.68754006047102e-07
covarsex -1.38943989185863e-05 0.000541141100707281 0.00201214761172972 -0.00215224270097468 -1.24450528095664e-05 1.23800424600717e-05 -7.24317413526852e-06
covarage_sex 0.000125397419884885 -0.000598351727380347 -0.00215224270097468 0.00256944443855094 1.91231254542784e-05 -9.2632738573663e-06 1.35057378200965e-06
covarPC_3 3.44831393707916e-05 -2.47174737308673e-06 -1.24450528095664e-05 1.91231254542784e-05 0.000190589983155512 1.16820301239708e-05 7.71165547299558e-06
covarPC_4 5.62716277262894e-06 1.56441712096166e-05 1.23800424600717e-05 -9.2632738573663e-06 1.16820301239708e-05 0.000211480902610395 -7.78940661607789e-06
proband -4.23823777563873e-05 3.68754006047102e-07 -7.24317413526852e-06 1.35057378200965e-06 7.71165547299558e-06 -7.78940661607789e-06 0.000193636328452928
