(Intercept) covarage covarsex covarage_sex covarPC_3 covarPC_4 proband paternal maternal
(Intercept) 0.000256796387461226 1.91213610788973e-05 -1.39972408187643e-05 0.000125505872319891 3.43926281178501e-05 5.72039537394099e-06 -3.91719360385867e-05 2.35101225428554e-06 -8.71645543041636e-06
covarage 1.91213610788973e-05 0.000373639275198862 0.000541298945963627 -0.00059849816312149 -2.39037429668511e-06 1.55822628292312e-05 -1.3085335158439e-06 -6.06974726323769e-06 9.50722182165022e-06
covarsex -1.39972408187643e-05 0.000541298945963627 0.00201248692934947 -0.00215258105612625 -1.2500547733374e-05 1.24411761158367e-05 -3.67460426444937e-06 -1.12491220074428e-05 4.06352705883801e-06
covarage_sex 0.000125505872319891 -0.00059849816312149 -0.00215258105612625 0.00256979233434011 1.91876215252162e-05 -9.31347855483671e-06 -2.48177264191001e-06 1.14215099465752e-05 -3.74404249718436e-06
covarPC_3 3.43926281178501e-05 -2.39037429668511e-06 -1.2500547733374e-05 1.91876215252162e-05 0.00019091977585936 1.1476355202069e-05 -1.86044266086327e-06 9.37067246977174e-06 9.84275879218428e-06
covarPC_4 5.72039537394099e-06 1.55822628292312e-05 1.24411761158367e-05 -9.31347855483671e-06 1.1476355202069e-05 0.000211768665557935 -3.47127750355124e-07 -6.85126597427241e-06 -8.08784308228655e-06
proband -3.91719360385867e-05 -1.3085335158439e-06 -3.67460426444937e-06 -2.48177264191001e-06 -1.86044266086327e-06 -3.47127750355124e-07 0.000523766983916067 -0.000345824183275399 -0.00031748302374153
paternal 2.35101225428554e-06 -6.06974726323769e-06 -1.12491220074428e-05 1.14215099465752e-05 9.37067246977174e-06 -6.85126597427241e-06 -0.000345824183275399 0.000707737200123289 -1.05090066206696e-05
maternal -8.71645543041636e-06 9.50722182165022e-06 4.06352705883801e-06 -3.74404249718436e-06 9.84275879218428e-06 -8.08784308228655e-06 -0.00031748302374153 -1.05090066206696e-05 0.000646171621171791
