(Intercept) covarage covarsex covarage_sex covarPC_3 covarPC_4 proband
(Intercept) 0.000256660310763642 1.92822944115777e-05 -1.38943988696496e-05 0.000125397419807483 3.44831393204799e-05 5.62716265093137e-06 -4.23823769064228e-05
covarage 1.92822944115777e-05 0.000373440725122286 0.000541141092006298 -0.000598351717847148 -2.47174717164064e-06 1.56441709218224e-05 3.68753816956003e-07
covarsex -1.38943988696496e-05 0.000541141092006298 0.00201214758975459 -0.00215224267857411 -1.24450527524576e-05 1.23800421682224e-05 -7.2431738266177e-06
covarage_sex 0.000125397419807483 -0.000598351717847148 -0.00215224267857411 0.00256944441351075 1.91231252238021e-05 -9.26327359191604e-06 1.35057384464585e-06
covarPC_3 3.44831393204799e-05 -2.47174717164064e-06 -1.24450527524576e-05 1.91231252238021e-05 0.00019058997953653 1.16820299194526e-05 7.71165533253168e-06
covarPC_4 5.62716265093137e-06 1.56441709218224e-05 1.23800421682224e-05 -9.26327359191604e-06 1.16820299194526e-05 0.000211480898545007 -7.78940641971429e-06
proband -4.23823769064228e-05 3.68753816956003e-07 -7.2431738266177e-06 1.35057384464585e-06 7.71165533253168e-06 -7.78940641971429e-06 0.000193636325699105
