(Intercept) covarage covarsex covarage_sex covarPC_3 covarPC_4 proband
(Intercept) 0.000474953861328171 0.000398453393965834 0.000216206375288962 -0.00042889246174829 1.9420412984444e-05 1.82345721389275e-05 -2.66710530626447e-05
covarage 0.000398453393965834 0.00111124558925686 0.00123420143788388 -0.00178918124083893 3.33838399162817e-06 2.67460850458866e-05 -3.00606329651788e-06
covarsex 0.000216206375288962 0.00123420143788388 0.00242306026369381 -0.00298633299488464 -5.52142735225572e-06 1.96744534318898e-05 -7.13449567883326e-06
covarage_sex -0.00042889246174829 -0.00178918124083893 -0.00298633299488464 0.00422780287937301 9.09356231582262e-06 -1.5993713169629e-05 4.14951192287752e-06
covarPC_3 1.9420412984444e-05 3.33838399162817e-06 -5.52142735225572e-06 9.09356231582262e-06 0.000298748029487163 1.09010861068119e-05 1.42883345726258e-05
covarPC_4 1.82345721389275e-05 2.67460850458866e-05 1.96744534318898e-05 -1.5993713169629e-05 1.09010861068119e-05 0.0003160901883149 -1.11073377667808e-05
proband -2.66710530626447e-05 -3.00606329651788e-06 -7.13449567883326e-06 4.14951192287752e-06 1.42883345726258e-05 -1.11073377667808e-05 0.000280345493042928
