(Intercept) covarage covarsex covarage_sex covarPC_3 covarPC_4 proband
(Intercept) 0.000430055485715144 -7.85217795982542e-05 0.000552991786411766 -0.000397245787272467 -6.54773990084049e-06 3.81169644064692e-06 -3.65126708334169e-05
covarage -7.85217795982542e-05 0.000585475924354439 0.000967767331685216 -0.000935409662267116 -1.62017999706457e-05 1.53397373250832e-05 9.53409095617439e-06
covarsex 0.000552991786411766 0.000967767331685216 0.00495708505814311 -0.00448358969827442 -1.1419225983864e-05 1.25657263981555e-05 -2.24919686643242e-06
covarage_sex -0.000397245787272467 -0.000935409662267116 -0.00448358969827442 0.00429577453214209 1.48872717088745e-05 -9.23128137015495e-06 -3.85748643918624e-06
covarPC_3 -6.54773990084049e-06 -1.62017999706457e-05 -1.1419225983864e-05 1.48872717088745e-05 0.00022736794402188 2.0866188655357e-06 1.26936530846966e-05
covarPC_4 3.81169644064692e-06 1.53397373250832e-05 1.25657263981555e-05 -9.23128137015495e-06 2.0866188655357e-06 0.000249126947974165 -9.98001467875661e-06
proband -3.65126708334169e-05 9.53409095617439e-06 -2.24919686643242e-06 -3.85748643918624e-06 1.26936530846966e-05 -9.98001467875661e-06 0.00025030560725565
