(Intercept) covarage covarsex covarage_sex covarPC_3 covarPC_4 proband
(Intercept) 9.84131706376262e-05 3.31369212809352e-05 -1.20566727195448e-06 -2.28413229176779e-05 4.10097151608473e-06 1.8486273672391e-06 -1.59094026491355e-05
covarage 3.31369212809352e-05 0.00024337193933763 0.000329721794045994 -0.000389804561317513 -1.92091230013552e-06 7.54076040671037e-06 -1.44595956243319e-06
covarsex -1.20566727195448e-06 0.000329721794045994 0.000742594544332155 -0.000782993926774009 -3.97806898068276e-06 3.90880937418917e-06 1.83066218744791e-06
covarage_sex -2.28413229176779e-05 -0.000389804561317513 -0.000782993926774009 0.000942738761824727 5.58998151792623e-06 -2.80393621647843e-06 -1.34538495911448e-06
covarPC_3 4.10097151608473e-06 -1.92091230013552e-06 -3.97806898068276e-06 5.58998151792623e-06 8.32368409886249e-05 2.66794534774893e-06 3.58490414264542e-06
covarPC_4 1.8486273672391e-06 7.54076040671037e-06 3.90880937418917e-06 -2.80393621647843e-06 2.66794534774893e-06 8.89844080511682e-05 -3.5180486364579e-06
proband -1.59094026491355e-05 -1.44595956243319e-06 1.83066218744791e-06 -1.34538495911448e-06 3.58490414264542e-06 -3.5180486364579e-06 8.44231457711813e-05
