(Intercept) covarage covarsex covarage_sex covarPC_3 covarPC_4 proband paternal maternal
(Intercept) 9.84459361351721e-05 3.31220741235658e-05 -1.23542473642255e-06 -2.28100693713931e-05 4.07949193325331e-06 1.87074143836737e-06 -1.50373741168462e-05 2.30565076737726e-07 -1.94149659738853e-06
covarage 3.31220741235658e-05 0.00024341375749008 0.000329771205508152 -0.000389849418316481 -1.88357635234352e-06 7.53071431494792e-06 -2.39828724292616e-06 3.71687666053272e-08 1.89366385719046e-06
covarsex -1.23542473642255e-06 0.000329771205508152 0.000742751715928344 -0.000783151436479675 -3.92459557735199e-06 3.89707626823365e-06 3.84627617610074e-07 3.057058203165e-07 2.59055376446433e-06
covarage_sex -2.28100693713931e-05 -0.000389849418316481 -0.000783151436479675 0.000942913076242203 5.54544572921033e-06 -2.79487046419788e-06 -2.653416326258e-07 -3.35128755576104e-08 -2.15006845161463e-06
covarPC_3 4.07949193325331e-06 -1.88357635234352e-06 -3.92459557735199e-06 5.54544572921033e-06 8.3389328876855e-05 2.58037063513506e-06 -3.7302909405888e-07 3.92304371881481e-06 4.01532408073061e-06
covarPC_4 1.87074143836737e-06 7.53071431494792e-06 3.89707626823365e-06 -2.79487046419788e-06 2.58037063513506e-06 8.91108292693233e-05 -3.43067715827956e-07 -2.83634060320603e-06 -3.52100335772441e-06
proband -1.50373741168462e-05 -2.39828724292616e-06 3.84627617610074e-07 -2.653416326258e-07 -3.7302909405888e-07 -3.43067715827956e-07 0.000221827228723406 -0.000143672389095212 -0.000132199910037282
paternal 2.30565076737726e-07 3.71687666053272e-08 3.057058203165e-07 -3.35128755576104e-08 3.92304371881481e-06 -2.83634060320603e-06 -0.000143672389095212 0.000275160561850068 1.41642941623055e-05
maternal -1.94149659738853e-06 1.89366385719046e-06 2.59055376446433e-06 -2.15006845161463e-06 4.01532408073061e-06 -3.52100335772441e-06 -0.000132199910037282 1.41642941623055e-05 0.000250498027503862
