(Intercept) covarage covarsex covarage_sex covarPC_3 covarPC_4 proband
(Intercept) 9.84131806616287e-05 3.31369237154351e-05 -1.20566733509844e-06 -2.28413231974174e-05 4.10097149734428e-06 1.84862755394402e-06 -1.59094030665622e-05
covarage 3.31369237154351e-05 0.000243371958214039 0.000329721815915489 -0.000389804586007336 -1.92091250909824e-06 7.54076103213924e-06 -1.44595986496037e-06
covarsex -1.20566733509844e-06 0.000329721815915489 0.000742594599992394 -0.000782993984258911 -3.97806926888722e-06 3.90880992182022e-06 1.83066178788334e-06
covarage_sex -2.28413231974174e-05 -0.000389804586007336 -0.000782993984258911 0.000942738828250857 5.58998182309218e-06 -2.8039366487435e-06 -1.34538444541763e-06
covarPC_3 4.10097149734428e-06 -1.92091250909824e-06 -3.97806926888722e-06 5.58998182309218e-06 8.32368508681612e-05 2.66794578536375e-06 3.58490442126124e-06
covarPC_4 1.84862755394402e-06 7.54076103213924e-06 3.90880992182022e-06 -2.8039366487435e-06 2.66794578536375e-06 8.89844190807453e-05 -3.51804891782077e-06
proband -1.59094030665622e-05 -1.44595986496037e-06 1.83066178788334e-06 -1.34538444541763e-06 3.58490442126124e-06 -3.51804891782077e-06 8.44231538062885e-05
