(Intercept) covarage covarsex covarage_sex covarPC_3 covarPC_4 proband
(Intercept) 8.57166918873655e-05 2.26361239569073e-05 -4.93036573321578e-06 -7.86155989250961e-06 5.4344698255526e-06 2.5086428087268e-06 -3.34300353127445e-06
covarage 2.26361239569073e-05 0.000252482709734248 0.000356117362990552 -0.000405629525887899 -1.65109110784892e-06 6.36628001064308e-06 4.52491889549394e-07
covarsex -4.93036573321578e-06 0.000356117362990552 0.000818933139185489 -0.000859489292721422 -4.32782783175358e-06 4.25189336007063e-06 -8.07346037306503e-07
covarage_sex -7.86155989250961e-06 -0.000405629525887899 -0.000859489292721422 0.00100536844718239 5.83884698311843e-06 -3.22408428241347e-06 -2.05572907154427e-07
covarPC_3 5.4344698255526e-06 -1.65109110784892e-06 -4.32782783175358e-06 5.83884698311843e-06 7.88695366336756e-05 3.29070566072729e-06 3.98310031174727e-06
covarPC_4 2.5086428087268e-06 6.36628001064308e-06 4.25189336007063e-06 -3.22408428241347e-06 3.29070566072729e-06 8.5685211218797e-05 -3.08653703606762e-06
proband -3.34300353127445e-06 4.52491889549394e-07 -8.07346037306503e-07 -2.05572907154427e-07 3.98310031174727e-06 -3.08653703606762e-06 7.84336510568728e-05
