(Intercept) covarage covarsex covarage_sex covarPC_3 covarPC_4 proband paternal maternal
(Intercept) 7.21245786066037e-05 1.35728692179567e-05 3.29151600361605e-06 -8.12199501390436e-07 2.61444890530819e-07 1.51526201016674e-06 -5.06760988244512e-07 1.82703133851131e-06 -1.06331620412866e-07
covarage 1.35728692179567e-05 0.000210023206437468 0.000299331493550664 -0.000333022776978692 -4.28187535470573e-06 9.325518447834e-06 -1.14445359398724e-07 -8.15538797641568e-07 1.96129030129812e-06
covarsex 3.29151600361605e-06 0.000299331493550664 0.000772239801667186 -0.000806537024432706 -6.06632593499933e-06 5.55153126071062e-06 -7.82852577920075e-07 -2.16885677644085e-06 6.4284303470562e-08
covarage_sex -8.12199501390436e-07 -0.000333022776978692 -0.000806537024432706 0.000922745674343446 9.13003173218547e-06 -4.2493225428018e-06 -1.94852953485894e-06 1.84046524373433e-06 -8.34457783166658e-08
covarPC_3 2.61444890530819e-07 -4.28187535470573e-06 -6.06632593499933e-06 9.13003173218547e-06 6.44896285192052e-05 2.63924883436382e-06 -1.93201120377202e-08 3.77218434920471e-06 2.95108835240992e-06
covarPC_4 1.51526201016674e-06 9.325518447834e-06 5.55153126071062e-06 -4.2493225428018e-06 2.63924883436382e-06 7.40087872196756e-05 1.3882274528127e-07 -2.40884902708488e-06 -2.85272452122173e-06
proband -5.06760988244512e-07 -1.14445359398724e-07 -7.82852577920075e-07 -1.94852953485894e-06 -1.93201120377202e-08 1.3882274528127e-07 0.000186066247333374 -0.00012399449917345 -0.000114412253856086
paternal 1.82703133851131e-06 -8.15538797641568e-07 -2.16885677644085e-06 1.84046524373433e-06 3.77218434920471e-06 -2.40884902708488e-06 -0.00012399449917345 0.00026950735663384 -1.60061846461303e-05
maternal -1.06331620412866e-07 1.96129030129812e-06 6.4284303470562e-08 -8.34457783166658e-08 2.95108835240992e-06 -2.85272452122173e-06 -0.000114412253856086 -1.60061846461303e-05 0.000249148065435419
