(Intercept) covarage covarsex covarage_sex covarPC_3 covarPC_4 proband
(Intercept) 7.21030794589937e-05 1.35784697692044e-05 3.30594159415972e-06 -8.25176346452913e-07 2.36506815369978e-07 1.53226773867377e-06 3.37347504537731e-07
covarage 1.35784697692044e-05 0.000209988508053914 0.000299300794242276 -0.000332992163750881 -4.29226754230629e-06 9.34129648578483e-06 4.55664419168922e-07
covarsex 3.30594159415972e-06 0.000299300794242276 0.00077213419048325 -0.00080643499941397 -6.03426333582219e-06 5.53287096779252e-06 -1.80230063304943e-06
covarage_sex -8.25176346452913e-07 -0.000332992163750881 -0.00080643499941397 0.00092263968028 9.10178445639209e-06 -4.23433926765736e-06 -1.10875918482902e-06
covarPC_3 2.36506815369978e-07 -4.29226754230629e-06 -6.03426333582219e-06 9.10178445639209e-06 6.43880431380054e-05 2.71205018506085e-06 3.27314718959638e-06
covarPC_4 1.53226773867377e-06 9.34129648578483e-06 5.53287096779252e-06 -4.23433926765736e-06 2.71205018506085e-06 7.39439628952595e-05 -2.43871107729885e-06
proband 3.37347504537731e-07 4.55664419168922e-07 -1.80230063304943e-06 -1.10875918482902e-06 3.27314718959638e-06 -2.43871107729885e-06 6.92652980257465e-05
