(Intercept) covarage covarsex covarage_sex covarPC_3 covarPC_4 proband
(Intercept) 6.71449321649308e-05 -9.07361942554502e-06 3.9258622816541e-05 -3.48213819896928e-05 2.19083364938079e-06 -1.75773203263693e-06 -1.72662621917006e-06
covarage -9.07361942554502e-06 0.000185852800217299 0.000286907587287119 -0.000293876019624973 -3.63006776929631e-06 5.49639769841538e-06 2.12201996570912e-06
covarsex 3.9258622816541e-05 0.000286907587287119 0.000933526542316653 -0.000895146188432539 -1.94517477253345e-06 3.08431125288886e-06 -1.97939992412206e-06
covarage_sex -3.48213819896928e-05 -0.000293876019624973 -0.000895146188432539 0.000912894547488252 3.27435360408864e-06 -2.48415059470468e-06 8.47023458564922e-07
covarPC_3 2.19083364938079e-06 -3.63006776929631e-06 -1.94517477253345e-06 3.27435360408864e-06 5.5772966804671e-05 1.06359904677296e-06 2.96584542791753e-06
covarPC_4 -1.75773203263693e-06 5.49639769841538e-06 3.08431125288886e-06 -2.48415059470468e-06 1.06359904677296e-06 6.10512693848851e-05 -2.1522024651235e-06
proband -1.72662621917006e-06 2.12201996570912e-06 -1.97939992412206e-06 8.47023458564922e-07 2.96584542791753e-06 -2.1522024651235e-06 5.8893464290453e-05
