(Intercept) covarage covarsex covarage_sex covarPC_3 covarPC_4 proband paternal maternal
(Intercept) 6.71539619376435e-05 -9.08591030994954e-06 3.92328062471834e-05 -3.47967619566525e-05 2.20032973936959e-06 -1.76380781614004e-06 -2.068430591953e-06 1.4855961706523e-06 -7.73960571978989e-07
covarage -9.08591030994954e-06 0.00018587116266864 0.000286932973204509 -0.000293897385278013 -3.62104005855408e-06 5.48789810360788e-06 1.90973350101642e-06 -1.48502508357304e-06 1.91745019268638e-06
covarsex 3.92328062471834e-05 0.000286932973204509 0.000933595264929755 -0.000895213706741683 -1.99387672902844e-06 3.11612462675794e-06 -4.68689802151678e-07 -4.30578945523754e-06 1.17022169721094e-06
covarage_sex -3.47967619566525e-05 -0.000293897385278013 -0.000895213706741683 0.000912961681524972 3.33153814156452e-06 -2.52282849179533e-06 -9.13744713462314e-07 4.3034272591708e-06 -6.50831118334943e-07
covarPC_3 2.20032973936959e-06 -3.62104005855408e-06 -1.99387672902844e-06 3.33153814156452e-06 5.58787949404125e-05 9.85235633516867e-07 -2.09999659762142e-07 3.21582348575374e-06 3.35607071158712e-06
covarPC_4 -1.76380781614004e-06 5.48789810360788e-06 3.11612462675794e-06 -2.52282849179533e-06 9.85235633516867e-07 6.1107623758605e-05 1.76336011221613e-07 -2.19476217779607e-06 -2.62213328362241e-06
proband -2.068430591953e-06 1.90973350101642e-06 -4.68689802151678e-07 -9.13744713462314e-07 -2.09999659762142e-07 1.76336011221613e-07 0.000154040714136829 -0.000102542221289142 -9.43795491549093e-05
paternal 1.4855961706523e-06 -1.48502508357304e-06 -4.30578945523754e-06 4.3034272591708e-06 3.21582348575374e-06 -2.19476217779607e-06 -0.000102542221289142 0.000260026760858951 -4.7344151067099e-05
maternal -7.73960571978989e-07 1.91745019268638e-06 1.17022169721094e-06 -6.50831118334943e-07 3.35607071158712e-06 -2.62213328362241e-06 -9.43795491549093e-05 -4.7344151067099e-05 0.000242219723156492
