(Intercept) covarage covarsex covarpcs.V3 covarpcs.V4 proband
(Intercept) 0.000514844535807447 0.000144290551120086 8.50020855675225e-06 1.75260872906696e-05 7.82538139955549e-06 -1.9745326853506e-06
covarage 0.000144290551120086 0.000528454197861416 2.38938609955967e-05 9.76216343549501e-06 2.11339452002598e-05 2.22293912899704e-05
covarsex 8.50020855675225e-06 2.38938609955967e-05 0.000410921575889075 -7.2033296594294e-06 2.8161157584362e-06 1.86247802147125e-05
covarpcs.V3 1.75260872906696e-05 9.76216343549501e-06 -7.2033296594294e-06 0.000466563372836304 3.79389786291954e-05 2.937129189853e-05
covarpcs.V4 7.82538139955549e-06 2.11339452002598e-05 2.8161157584362e-06 3.79389786291954e-05 0.000444842138923252 -3.76662348597383e-05
proband -1.9745326853506e-06 2.22293912899704e-05 1.86247802147125e-05 2.937129189853e-05 -3.76662348597383e-05 0.000445940109074194
