(Intercept) covarage covarsex covarpcs.V3 covarpcs.V4 proband
(Intercept) 0.000533627758856405 0.000159506427161094 1.03464524792378e-05 1.58738545921054e-05 1.31118635449979e-05 -2.76857470938621e-06
covarage 0.000159506427161094 0.000545505886314055 2.56534504473027e-05 8.58900733188445e-06 2.60793818581218e-05 2.14804250618046e-05
covarsex 1.03464524792378e-05 2.56534504473027e-05 0.000422824741603366 -6.69219012300416e-06 5.00606728259781e-06 1.88720895149001e-05
covarpcs.V3 1.58738545921054e-05 8.58900733188445e-06 -6.69219012300416e-06 0.000484363267732973 4.33379689842294e-05 2.9474265281897e-05
covarpcs.V4 1.31118635449979e-05 2.60793818581218e-05 5.00606728259781e-06 4.33379689842294e-05 0.000462897101879663 -3.9758989758885e-05
proband -2.76857470938621e-06 2.14804250618046e-05 1.88720895149001e-05 2.9474265281897e-05 -3.9758989758885e-05 0.000457716719486278
