(Intercept) covarage covarsex covarpcs.V3 covarpcs.V4 proband paternal maternal
(Intercept) 0.000515083709857331 0.000144350633063561 8.52934781254393e-06 1.77518004261505e-05 7.46707554479233e-06 -8.59074221261654e-06 1.27651364988819e-05 8.56496357972289e-07
covarage 0.000144350633063561 0.000528988413273587 2.4041063154184e-05 1.03710911960787e-05 2.0421318097615e-05 1.2275856750714e-05 2.84827234188385e-06 1.9683868156574e-05
covarsex 8.52934781254393e-06 2.4041063154184e-05 0.000411061327551682 -7.00351378413713e-06 2.5548533732864e-06 1.54031212607954e-05 9.67833012555519e-07 6.62902974760696e-06
covarpcs.V3 1.77518004261505e-05 1.03710911960787e-05 -7.00351378413713e-06 0.000467946901542202 3.63993047583836e-05 4.42723874875496e-06 2.26606806983902e-05 3.11576834154779e-05
covarpcs.V4 7.46707554479233e-06 2.0421318097615e-05 2.5548533732864e-06 3.63993047583836e-05 0.00044710116433337 -4.06427474539402e-06 -3.7004329186722e-05 -3.53117507030595e-05
proband -8.59074221261654e-06 1.2275856750714e-05 1.54031212607954e-05 4.42723874875496e-06 -4.06427474539402e-06 0.000986424533840793 -0.000610879020120046 -0.000551275195120833
paternal 1.27651364988819e-05 2.84827234188385e-06 9.67833012555519e-07 2.26606806983902e-05 -3.7004329186722e-05 -0.000610879020120046 0.00124581662462575 6.73852097449252e-05
maternal 8.56496357972289e-07 1.9683868156574e-05 6.62902974760696e-06 3.11576834154779e-05 -3.53117507030595e-05 -0.000551275195120833 6.73852097449252e-05 0.00112162448336449
