(Intercept) covarage covarsex covarpcs.V3 covarpcs.V4 proband paternal maternal
(Intercept) 0.000533734419392834 0.000159484974940913 1.03582514529773e-05 1.60375531994248e-05 1.28280474423606e-05 -8.03534348440724e-06 1.17506988676329e-05 -9.23220808552112e-07
covarage 0.000159484974940913 0.000545859198603723 2.57965901989875e-05 9.11446998609371e-06 2.54744906619884e-05 1.30383825763854e-05 1.21843136430078e-06 1.79514899819734e-05
covarsex 1.03582514529773e-05 2.57965901989875e-05 0.000422910287604998 -6.4793492278091e-06 4.73750326907004e-06 1.53584965169619e-05 8.2935893508399e-07 7.285693571963e-06
covarpcs.V3 1.60375531994248e-05 9.11446998609371e-06 -6.4793492278091e-06 0.000485667873751868 4.17657495358256e-05 3.88728591280683e-06 2.35349910288441e-05 3.15929700725654e-05
covarpcs.V4 1.28280474423606e-05 2.54744906619884e-05 4.73750326907004e-06 4.17657495358256e-05 0.000465108084156563 -5.33128664127297e-06 -3.8160001503553e-05 -3.58655574378634e-05
proband -8.03534348440724e-06 1.30383825763854e-05 1.53584965169619e-05 3.88728591280683e-06 -5.33128664127297e-06 0.00101321243363825 -0.000628813832134563 -0.000564984563097498
paternal 1.17506988676329e-05 1.21843136430078e-06 8.2935893508399e-07 2.35349910288441e-05 -3.8160001503553e-05 -0.000628813832134563 0.00127029643147212 7.89318755722406e-05
maternal -9.23220808552112e-07 1.79514899819734e-05 7.285693571963e-06 3.15929700725654e-05 -3.58655574378634e-05 -0.000564984563097498 7.89318755722406e-05 0.00113989200234809
