(Intercept) covarage covarsex covarpcs.V3 covarpcs.V4 proband
(Intercept) 0.000533627914972682 0.00015950697572645 1.03467376465158e-05 1.58742058617479e-05 1.31118330701004e-05 -2.76833025188531e-06
covarage 0.00015950697572645 0.000545506444368113 2.56539074918854e-05 8.58902548013038e-06 2.60795465248762e-05 2.1480694939177e-05
covarsex 1.03467376465158e-05 2.56539074918854e-05 0.000422825808243856 -6.69246141960703e-06 5.00606133950642e-06 1.88718940977162e-05
covarpcs.V3 1.58742058617479e-05 8.58902548013038e-06 -6.69246141960703e-06 0.000484363778583107 4.33380602479597e-05 2.94749342258443e-05
covarpcs.V4 1.31118330701004e-05 2.60795465248762e-05 5.00606133950642e-06 4.33380602479597e-05 0.00046289908080857 -3.975932658724e-05
proband -2.76833025188531e-06 2.1480694939177e-05 1.88718940977162e-05 2.94749342258443e-05 -3.975932658724e-05 0.000457717595658286
