(Intercept) covarage covarsex covarage_sex covarPC_3 covarPC_4 proband
(Intercept) 0.00701963111404322 0.00606375006926227 0.00193944033991186 -0.00498788297461386 0.000193741836354912 6.9096220981136e-05 -8.23641464129871e-05
covarage 0.00606375006926227 0.00905649953078382 0.00688544562720073 -0.0146101513072853 5.14650758835234e-05 4.12740511025785e-05 3.27566840895205e-05
covarsex 0.00193944033991186 0.00688544562720073 0.00954391174717876 -0.017332976074719 -4.25400451171243e-05 3.15309319227274e-05 3.63304188567463e-06
covarage_sex -0.00498788297461386 -0.0146101513072853 -0.017332976074719 0.0354341336533546 6.33560727395853e-05 2.06127111793483e-05 -3.43058539765449e-05
covarPC_3 0.000193741836354912 5.14650758835234e-05 -4.25400451171243e-05 6.33560727395853e-05 0.0012046877107028 3.78632679238381e-05 -6.18625042298816e-05
covarPC_4 6.9096220981136e-05 4.12740511025785e-05 3.15309319227274e-05 2.06127111793483e-05 3.78632679238381e-05 0.00120452298366479 -8.26157650996912e-06
proband -8.23641464129871e-05 3.27566840895205e-05 3.63304188567463e-06 -3.43058539765449e-05 -6.18625042298816e-05 -8.26157650996912e-06 0.000988664210957626
