(Intercept) covarage covarsex covarage_sex covarPC_3 covarPC_4 proband
(Intercept) 0.000247964805946193 1.90907800347934e-05 -1.50727245393239e-05 0.000125397824993846 3.68504164788558e-05 4.04367841098808e-06 -1.46043691902071e-05
covarage 1.90907800347934e-05 0.000371182872677484 0.00053766564353725 -0.000594538153592895 -2.76789545787143e-06 1.55791946181749e-05 2.17548910584122e-06
covarsex -1.50727245393239e-05 0.00053766564353725 0.00200187931245922 -0.00214116911934754 -1.23034963297045e-05 1.17977241644922e-05 -4.6502931936053e-06
covarage_sex 0.000125397824993846 -0.000594538153592895 -0.00214116911934754 0.00255662357013864 1.92698930474513e-05 -8.91154945165555e-06 1.72333283488564e-06
covarPC_3 3.68504164788558e-05 -2.76789545787143e-06 -1.23034963297045e-05 1.92698930474513e-05 0.000189784729753227 1.1941318889399e-05 -1.24838732917468e-05
covarPC_4 4.04367841098808e-06 1.55791946181749e-05 1.17977241644922e-05 -8.91154945165555e-06 1.1941318889399e-05 0.000209375269205875 -2.05462889794224e-06
proband -1.46043691902071e-05 2.17548910584122e-06 -4.6502931936053e-06 1.72333283488564e-06 -1.24838732917468e-05 -2.05462889794224e-06 0.000191426105173619
