(Intercept) covarage covarsex covarage_sex covarPC_3 covarPC_4 proband
(Intercept) 0.00024796480996055 1.90907807784954e-05 -1.50727247431304e-05 0.000125397825114966 3.68504166056815e-05 4.04367848739559e-06 -1.46043692400638e-05
covarage 1.90907807784954e-05 0.000371182881561558 0.000537665654795419 -0.000594538165909774 -2.76789574306993e-06 1.55791949798834e-05 2.17548927786847e-06
covarsex -1.50727247431304e-05 0.000537665654795419 0.00200187934047236 -0.00214116914790222 -1.23034964639854e-05 1.17977245480027e-05 -4.65029323469717e-06
covarage_sex 0.000125397825114966 -0.000594538165909774 -0.00214116914790222 0.00255662360202221 1.92698934576541e-05 -8.91154978365543e-06 1.72333268422513e-06
covarPC_3 3.68504166056815e-05 -2.76789574306993e-06 -1.23034964639854e-05 1.92698934576541e-05 0.000189784734413589 1.19413190861566e-05 -1.24838735336488e-05
covarPC_4 4.04367848739559e-06 1.55791949798834e-05 1.17977245480027e-05 -8.91154978365543e-06 1.19413190861566e-05 0.000209375274370624 -2.05462888264343e-06
proband -1.46043692400638e-05 2.17548927786847e-06 -4.65029323469717e-06 1.72333268422513e-06 -1.24838735336488e-05 -2.05462888264343e-06 0.000191426108769957
