(Intercept) covarage covarsex covarage_sex covarPC_3 covarPC_4 proband paternal maternal
(Intercept) 0.000247988554425735 1.90472687158307e-05 -1.50280441794957e-05 0.000125348829775926 3.69702205088264e-05 4.07395463448097e-06 -1.16848048906321e-05 -2.91630366571883e-06 -3.04202482435654e-06
covarage 1.90472687158307e-05 0.000371315143631854 0.000537711816143122 -0.000594592144759126 -2.97666990658704e-06 1.55406334825195e-05 -2.57204785296653e-06 3.17851907482615e-06 6.45704685971642e-06
covarsex -1.50280441794957e-05 0.000537711816143122 0.00200204685301851 -0.00214133116405788 -1.2148048301333e-05 1.18443295719371e-05 -5.73993664344746e-07 -8.5871185545211e-06 3.65530623583343e-07
covarage_sex 0.000125348829775926 -0.000594592144759126 -0.00214133116405788 0.00255677693343557 1.91051379297064e-05 -8.95564446937789e-06 -2.41723831002447e-06 8.92829972931193e-06 -5.8821703615971e-07
covarPC_3 3.69702205088264e-05 -2.97666990658704e-06 -1.2148048301333e-05 1.91051379297064e-05 0.000190370718458018 1.20679206594441e-05 1.4108630597179e-06 -1.48901839860391e-05 -1.32998488372444e-05
covarPC_4 4.07395463448097e-06 1.55406334825195e-05 1.18443295719371e-05 -8.95564446937789e-06 1.20679206594441e-05 0.000209388185150828 1.04967400008188e-06 -2.97098742955914e-06 -3.34953164629921e-06
proband -1.16848048906321e-05 -2.57204785296653e-06 -5.73993664344746e-07 -2.41723831002447e-06 1.4108630597179e-06 1.04967400008188e-06 0.000516565751431928 -0.000344186593305976 -0.000316070916931956
paternal -2.91630366571883e-06 3.17851907482615e-06 -8.5871185545211e-06 8.92829972931193e-06 -1.48901839860391e-05 -2.97098742955914e-06 -0.000344186593305976 0.000705874303223113 -6.66774628862201e-06
maternal -3.04202482435654e-06 6.45704685971642e-06 3.65530623583343e-07 -5.8821703615971e-07 -1.32998488372444e-05 -3.34953164629921e-06 -0.000316070916931956 -6.66774628862201e-06 0.000648247967900325
