(Intercept) covarage covarsex covarage_sex covarPC_3 covarPC_4 proband
(Intercept) 0.000472857455231216 0.000397732457465246 0.000215613469546118 -0.000428405662154075 2.15944948446694e-05 1.73043108460781e-05 -1.35737989391425e-05
covarage 0.000397732457465246 0.00111017533618142 0.00123282240027329 -0.00178739281340667 3.23155810597626e-06 2.63855364207777e-05 2.14444951200104e-06
covarsex 0.000215613469546118 0.00123282240027329 0.00242018885648863 -0.00298262526899181 -5.22655324693517e-06 1.90553221877846e-05 -5.14480264279047e-06
covarage_sex -0.000428405662154075 -0.00178739281340667 -0.00298262526899181 0.00422281976704752 9.04904706456622e-06 -1.54410297175187e-05 2.84798129411532e-06
covarPC_3 2.15944948446694e-05 3.23155810597626e-06 -5.22655324693517e-06 9.04904706456622e-06 0.000298450886644904 1.16523040101344e-05 -1.75660805469304e-05
covarPC_4 1.73043108460781e-05 2.63855364207777e-05 1.90553221877846e-05 -1.54410297175187e-05 1.16523040101344e-05 0.000314829310129691 -3.79945192576063e-06
proband -1.35737989391425e-05 2.14444951200104e-06 -5.14480264279047e-06 2.84798129411532e-06 -1.75660805469304e-05 -3.79945192576063e-06 0.000280932271373983
