(Intercept) covarage covarsex covarage_sex covarPC_3 covarPC_4 proband
(Intercept) 0.000123753462940505 3.31320547957439e-05 1.63965432371868e-05 -3.68603481669752e-05 1.28898516351978e-05 -1.13303803717564e-06 -4.32965434571638e-06
covarage 3.31320547957439e-05 0.000359030020402039 0.000503813844344227 -0.000575201185652974 -1.38032791537668e-06 9.60039344688754e-06 1.28214378540015e-06
covarsex 1.63965432371868e-05 0.000503813844344227 0.00122580698066616 -0.00127255044660044 -4.55305346439551e-06 6.37567811050465e-06 -7.4692098187571e-07
covarage_sex -3.68603481669752e-05 -0.000575201185652974 -0.00127255044660044 0.00146445973495587 5.83297215072664e-06 -4.49579940164666e-06 -2.58856142366843e-07
covarPC_3 1.28898516351978e-05 -1.38032791537668e-06 -4.55305346439551e-06 5.83297215072664e-06 0.000113968397274712 4.60688922452167e-06 -7.80403295887191e-06
covarPC_4 -1.13303803717564e-06 9.60039344688754e-06 6.37567811050465e-06 -4.49579940164666e-06 4.60688922452167e-06 0.000124309300938658 -1.49997645342809e-06
proband -4.32965434571638e-06 1.28214378540015e-06 -7.4692098187571e-07 -2.58856142366843e-07 -7.80403295887191e-06 -1.49997645342809e-06 0.000115691441617374
