(Intercept) covarage covarsex covarage_sex covarPC_3 covarPC_4 proband
(Intercept) 0.000424922535813874 -7.70722497054243e-05 0.00055208305659754 -0.000397118605083982 -3.69919137353566e-06 2.35253052192522e-06 -1.42282674801679e-05
covarage -7.70722497054243e-05 0.00058245190492551 0.000963001764842737 -0.000930623170399678 -1.69572584306494e-05 1.57612183537457e-05 5.74345106320846e-06
covarsex 0.00055208305659754 0.000963001764842737 0.00493983864100772 -0.00446707941035694 -1.07247805455398e-05 1.24195054326183e-05 -3.27399599658359e-06
covarage_sex -0.000397118605083982 -0.000930623170399678 -0.00446707941035694 0.00427947992622037 1.46304429907267e-05 -9.34815176420851e-06 -5.50875785329134e-09
covarPC_3 -3.69919137353566e-06 -1.69572584306494e-05 -1.07247805455398e-05 1.46304429907267e-05 0.000226906257293523 2.69588892444984e-06 -1.64232138946791e-05
covarPC_4 2.35253052192522e-06 1.57612183537457e-05 1.24195054326183e-05 -9.34815176420851e-06 2.69588892444984e-06 0.000247473447249277 -2.53778516967194e-06
proband -1.42282674801679e-05 5.74345106320846e-06 -3.27399599658359e-06 -5.50875785329134e-09 -1.64232138946791e-05 -2.53778516967194e-06 0.000248772010213457
