(Intercept) covarage covarsex covarage_sex covarPC_3 covarPC_4 proband
(Intercept) 9.49674250471964e-05 3.26158475147038e-05 -9.5387379450298e-07 -2.29402374862752e-05 4.9105653586184e-06 1.23537521470116e-06 -2.9688357803442e-06
covarage 3.26158475147038e-05 0.000241098131518159 0.000326420950088233 -0.000385960682119477 -1.97918627856446e-06 7.44690115363506e-06 6.04543287538428e-07
covarsex -9.5387379450298e-07 0.000326420950088233 0.00073458848105944 -0.000774329014701166 -4.11323559781667e-06 4.03975168878237e-06 -6.43506117495419e-07
covarage_sex -2.29402374862752e-05 -0.000385960682119477 -0.000774329014701166 0.000932488318621348 5.66809593324913e-06 -2.92080818346428e-06 2.28740550679453e-07
covarPC_3 4.9105653586184e-06 -1.97918627856446e-06 -4.11323559781667e-06 5.66809593324913e-06 8.26044904359912e-05 2.83169882943237e-06 -5.35088283049987e-06
covarPC_4 1.23537521470116e-06 7.44690115363506e-06 4.03975168878237e-06 -2.92080818346428e-06 2.83169882943237e-06 8.78225897754138e-05 -1.15440827784864e-06
proband -2.9688357803442e-06 6.04543287538428e-07 -6.43506117495419e-07 2.28740550679453e-07 -5.35088283049987e-06 -1.15440827784864e-06 8.17711017192254e-05
