(Intercept) covarage covarsex covarage_sex covarPC_3 covarPC_4 proband
(Intercept) 9.49674221984986e-05 3.26158468576541e-05 -9.53873738097699e-07 -2.29402374711126e-05 4.91056536698754e-06 1.23537516525119e-06 -2.96883577091381e-06
covarage 3.26158468576541e-05 0.000241098126259462 0.000326420944003746 -0.000385960675276726 -1.97918622674577e-06 7.44690097731465e-06 6.04543301928011e-07
covarsex -9.53873738097699e-07 0.000326420944003746 0.000734588465423287 -0.000774328998573104 -4.11323552391197e-06 4.0397515374114e-06 -6.43506108756548e-07
covarage_sex -2.29402374711126e-05 -0.000385960675276726 -0.000774328998573104 0.000932488300032277 5.66809585442422e-06 -2.92080806710664e-06 2.28740540132992e-07
covarPC_3 4.91056536698754e-06 -1.97918622674577e-06 -4.11323552391197e-06 5.66809585442422e-06 8.26044876370769e-05 2.83169871323153e-06 -5.35088269761033e-06
covarPC_4 1.23537516525119e-06 7.44690097731465e-06 4.0397515374114e-06 -2.92080806710664e-06 2.83169871323153e-06 8.7822586659913e-05 -1.1544082860215e-06
proband -2.96883577091381e-06 6.04543301928011e-07 -6.43506108756548e-07 2.28740540132992e-07 -5.35088269761033e-06 -1.1544082860215e-06 8.17710995601136e-05
