(Intercept) covarage covarsex covarage_sex covarPC_3 covarPC_4 proband
(Intercept) 8.55628580001159e-05 2.26318041523695e-05 -4.96656285746001e-06 -7.86315848870302e-06 5.6374506596567e-06 2.38439917963616e-06 -6.29359966474925e-07
covarage 2.26318041523695e-05 0.000252325361256851 0.000355849905240412 -0.000405330197759577 -1.76198610822e-06 6.36591780031686e-06 1.19664232994661e-06
covarsex -4.96656285746001e-06 0.000355849905240412 0.000818386038548226 -0.000858874602103088 -4.24915657060163e-06 4.22249669181814e-06 -1.11228658715509e-06
covarage_sex -7.86315848870302e-06 -0.000405330197759577 -0.000858874602103088 0.00100464036671116 5.85022423555914e-06 -3.22239977171011e-06 4.13279808565214e-07
covarPC_3 5.6374506596567e-06 -1.76198610822e-06 -4.24915657060163e-06 5.85022423555914e-06 7.88933365732596e-05 3.50112538915512e-06 -4.95877953095234e-06
covarPC_4 2.38439917963616e-06 6.36591780031686e-06 4.22249669181814e-06 -3.22239977171011e-06 3.50112538915512e-06 8.54476507719175e-05 -1.07327463232062e-06
proband -6.29359966474925e-07 1.19664232994661e-06 -1.11228658715509e-06 4.13279808565214e-07 -4.95877953095234e-06 -1.07327463232062e-06 7.83675286499417e-05
