(Intercept) covarage covarsex covarage_sex covarPC_3 covarPC_4 proband paternal maternal
(Intercept) 7.18539278717131e-05 1.3501766378109e-05 3.31205403594308e-06 -8.31644517925984e-07 3.11151271507268e-07 1.54985678567729e-06 2.16585702156286e-06 -1.34381693753621e-06 -2.99116533391035e-06
covarage 1.3501766378109e-05 0.000209143140559087 0.000297957784123486 -0.000331504711532804 -4.3924944348248e-06 9.27734321535104e-06 -4.78484804213317e-07 4.02736588071367e-07 2.72096340668019e-06
covarsex 3.31205403594308e-06 0.000297957784123486 0.000768586489467734 -0.000802797612958254 -5.73754902105826e-06 5.46809927746179e-06 4.26601133548537e-07 -2.97358794357246e-06 -4.20515592879835e-07
covarage_sex -8.31644517925984e-07 -0.000331504711532804 -0.000802797612958254 0.000918439823898285 9.02972518700766e-06 -4.25539976747488e-06 -1.70144845275422e-06 2.44012119740361e-06 6.07023402959364e-07
covarPC_3 3.11151271507268e-07 -4.3924944348248e-06 -5.73754902105826e-06 9.02972518700766e-06 6.446576803996e-05 2.92564849190287e-06 5.4653129191896e-07 -5.23677499636112e-06 -5.00156987286432e-06
covarPC_4 1.54985678567729e-06 9.27734321535104e-06 5.46809927746179e-06 -4.25539976747488e-06 2.92564849190287e-06 7.35698491436363e-05 1.20105344236439e-07 -7.15591601503531e-07 -1.39683377424865e-06
proband 2.16585702156286e-06 -4.78484804213317e-07 4.26601133548537e-07 -1.70144845275422e-06 5.4653129191896e-07 1.20105344236439e-07 0.000179755172110161 -0.0001207814378094 -0.000110866662122457
paternal -1.34381693753621e-06 4.02736588071367e-07 -2.97358794357246e-06 2.44012119740361e-06 -5.23677499636112e-06 -7.15591601503531e-07 -0.0001207814378094 0.000262726639227363 -1.18833072620413e-05
maternal -2.99116533391035e-06 2.72096340668019e-06 -4.20515592879835e-07 6.07023402959364e-07 -5.00156987286432e-06 -1.39683377424865e-06 -0.000110866662122457 -1.18833072620413e-05 0.000241979858075013
