(Intercept) covarage covarsex covarage_sex covarPC_3 covarPC_4 proband
(Intercept) 7.18086528410333e-05 1.35384949078581e-05 3.2898174427959e-06 -8.10090216203296e-07 2.18164839606828e-07 1.52814731883957e-06 7.76178128409374e-08
covarage 1.35384949078581e-05 0.000209111767427617 0.000297969018226209 -0.000331517019890061 -4.32500809106264e-06 9.2946843070741e-06 1.02649840858754e-06
covarsex 3.2898174427959e-06 0.000297969018226209 0.000768552553794593 -0.000802769368780994 -5.80884536095373e-06 5.45672474364834e-06 -1.20779417338223e-06
covarage_sex -8.10090216203296e-07 -0.000331517019890061 -0.000802769368780994 0.000918416208401766 9.09390408442324e-06 -4.24452345664711e-06 -2.34153008192433e-07
covarPC_3 2.18164839606828e-07 -4.32500809106264e-06 -5.80884536095373e-06 9.09390408442324e-06 6.42478777657673e-05 2.8803918692327e-06 -4.38486877187916e-06
covarPC_4 1.52814731883957e-06 9.2946843070741e-06 5.45672474364834e-06 -4.24452345664711e-06 2.8803918692327e-06 7.35596753428821e-05 -8.9743136822793e-07
proband 7.76178128409374e-08 1.02649840858754e-06 -1.20779417338223e-06 -2.34153008192433e-07 -4.38486877187916e-06 -8.9743136822793e-07 6.81804018618895e-05
