(Intercept) covarage covarsex covarage_sex covarPC_3 covarPC_4 proband
(Intercept) 6.70827393424041e-05 -8.98362065592187e-06 3.91852045237575e-05 -3.47807478629704e-05 2.29868943517905e-06 -1.82135832052827e-06 -3.69480947782232e-07
covarage -8.98362065592187e-06 0.000185658991846454 0.000286687956372441 -0.000293644403380325 -3.81461057919124e-06 5.56097072830345e-06 1.16028281645823e-06
covarsex 3.91852045237575e-05 0.000286687956372441 0.000932571799683264 -0.000894271490586933 -1.8021499925639e-06 3.01612461703875e-06 -1.04426787124732e-06
covarage_sex -3.47807478629704e-05 -0.000293644403380325 -0.000894271490586933 0.00091205976378564 3.22643725430807e-06 -2.44941319662862e-06 4.17247996852046e-07
covarPC_3 2.29868943517905e-06 -3.81461057919124e-06 -1.8021499925639e-06 3.22643725430807e-06 5.58419867384495e-05 1.21223225800228e-06 -3.74716480445932e-06
covarPC_4 -1.82135832052827e-06 5.56097072830345e-06 3.01612461703875e-06 -2.44941319662862e-06 1.21223225800228e-06 6.09460780376941e-05 -7.42343995679685e-07
proband -3.69480947782232e-07 1.16028281645823e-06 -1.04426787124732e-06 4.17247996852046e-07 -3.74716480445932e-06 -7.42343995679685e-07 5.85922177043128e-05
