(Intercept) covarage covarsex covarage_sex covarPC_3 covarPC_4 proband paternal maternal
(Intercept) 6.71077905863075e-05 -9.0040898303486e-06 3.91926580976667e-05 -3.47876045212913e-05 2.34099612650343e-06 -1.80861847803211e-06 5.53619346157377e-07 1.90193308444152e-07 -2.13144687523268e-06
covarage -9.0040898303486e-06 0.000185704024668604 0.000286722261072915 -0.00029367861590709 -3.84817325475341e-06 5.55376236025395e-06 4.85093492040266e-07 -6.47448701436317e-07 2.06602431068943e-06
covarsex 3.91926580976667e-05 0.000286722261072915 0.000932695770261501 -0.000894392604874525 -1.73539942004062e-06 3.03548065267944e-06 6.27748952193457e-07 -2.24573848015365e-06 -1.26326465873246e-06
covarage_sex -3.47876045212913e-05 -0.00029367861590709 -0.000894392604874525 0.00091218282880543 3.15858308196018e-06 -2.46854610324338e-06 -1.27350480865861e-06 2.40014543069739e-06 1.14625811635707e-06
covarPC_3 2.34099612650343e-06 -3.84817325475341e-06 -1.73539942004062e-06 3.15858308196018e-06 5.60262381866147e-05 1.25665052102336e-06 3.28143861401328e-07 -4.35656298125513e-06 -4.19389460190085e-06
covarPC_4 -1.80861847803211e-06 5.55376236025395e-06 3.03548065267944e-06 -2.46854610324338e-06 1.25665052102336e-06 6.09621972630185e-05 2.68586131578685e-07 -8.37086123530699e-07 -1.28782564353394e-06
proband 5.53619346157377e-07 4.85093492040266e-07 6.27748952193457e-07 -1.27350480865861e-06 3.28143861401328e-07 2.68586131578685e-07 0.00015167292763485 -0.000101576880254111 -9.37252331847085e-05
paternal 1.90193308444152e-07 -6.47448701436317e-07 -2.24573848015365e-06 2.40014543069739e-06 -4.35656298125513e-06 -8.37086123530699e-07 -0.000101576880254111 0.000258131090445052 -4.51131682849114e-05
maternal -2.13144687523268e-06 2.06602431068943e-06 -1.26326465873246e-06 1.14625811635707e-06 -4.19389460190085e-06 -1.28782564353394e-06 -9.37252331847085e-05 -4.51131682849114e-05 0.000241914506014616
