(Intercept) covarage covarsex covarage_sex covarPC_3 covarPC_4 proband
(Intercept) 6.70827373125236e-05 -8.98362087078014e-06 3.91852043285681e-05 -3.47807476440871e-05 2.29868940244484e-06 -1.82135829953832e-06 -3.69480946084336e-07
covarage -8.98362087078014e-06 0.000185658987656873 0.000286687951142421 -0.000293644397811222 -3.81461051995492e-06 5.56097058508306e-06 1.1602827831738e-06
covarsex 3.91852043285681e-05 0.000286687951142421 0.000932571784223394 -0.000894271475304465 -1.80214996261538e-06 3.01612455899281e-06 -1.04426785641085e-06
covarage_sex -3.47807476440871e-05 -0.000293644397811222 -0.000894271475304465 0.000912059747440707 3.22643720196399e-06 -2.44941315087364e-06 4.17247995766454e-07
covarPC_3 2.29868940244484e-06 -3.81461051995492e-06 -1.80214996261538e-06 3.22643720196399e-06 5.5841984661126e-05 1.21223222276626e-06 -3.74716469695595e-06
covarPC_4 -1.82135829953832e-06 5.56097058508306e-06 3.01612455899281e-06 -2.44941315087364e-06 1.21223222276626e-06 6.09460757833022e-05 -7.4234397309173e-07
proband -3.69480946084336e-07 1.1602827831738e-06 -1.04426785641085e-06 4.17247995766454e-07 -3.74716469695595e-06 -7.4234397309173e-07 5.8592216054123e-05
