(Intercept) covarage covarsex covarpcs.V3 covarpcs.V4 proband paternal maternal
(Intercept) 0.000522523080401095 0.000142023670923923 7.0837822883029e-06 2.20331064899321e-05 3.65513765415004e-06 -5.54684724985685e-05 7.45619943686713e-05 4.65676965118e-05
covarage 0.000142023670923923 0.000533384868109937 2.50308521270883e-05 2.70353033039673e-06 2.67300420960759e-05 -3.03496774972701e-05 -2.96378036999942e-05 5.82870775229264e-06
covarsex 7.0837822883029e-06 2.50308521270883e-05 0.000413800466758163 -1.21305738455828e-05 6.68651719079594e-06 -1.23473311612713e-05 -1.9518833796293e-05 -5.91808726903359e-06
covarpcs.V3 2.20331064899321e-05 2.70353033039673e-06 -1.21305738455828e-05 0.000473945892578325 3.4095428827136e-05 1.90929576029727e-05 3.42363824080373e-05 3.1435465620656e-05
covarpcs.V4 3.65513765415004e-06 2.67300420960759e-05 6.68651719079594e-06 3.4095428827136e-05 0.000447172831605303 -4.35589043934057e-06 -3.57944167569924e-05 -2.6515226282136e-05
proband -5.54684724985685e-05 -3.03496774972701e-05 -1.23473311612713e-05 1.90929576029727e-05 -4.35589043934057e-06 0.00114064160401301 -0.000652306900279484 -0.000608649969543265
paternal 7.45619943686713e-05 -2.96378036999942e-05 -1.9518833796293e-05 3.42363824080373e-05 -3.57944167569924e-05 -0.000652306900279484 0.00128626773991012 -3.35057197539208e-05
maternal 4.65676965118e-05 5.82870775229264e-06 -5.91808726903359e-06 3.1435465620656e-05 -2.6515226282136e-05 -0.000608649969543265 -3.35057197539208e-05 0.00118489733498698
