(Intercept) covarage covarsex covarpcs.V3 covarpcs.V4 proband paternal maternal
(Intercept) 0.000541641980295568 0.000157289594450833 8.86452312138566e-06 2.06568466597559e-05 8.58471474265123e-06 -5.65197026582501e-05 7.72856508595218e-05 4.90489446076497e-05
covarage 0.000157289594450833 0.000550529921647234 2.69042821670655e-05 1.73234023829841e-06 3.16400637578354e-05 -3.15373708148211e-05 -2.87089344113873e-05 6.5895885214845e-06
covarsex 8.86452312138566e-06 2.69042821670655e-05 0.000425855855152726 -1.16351834202317e-05 9.01798147592994e-06 -1.36758543476638e-05 -1.92221708460152e-05 -5.29787839602737e-06
covarpcs.V3 2.06568466597559e-05 1.73234023829841e-06 -1.16351834202317e-05 0.000491890529350962 3.96992896272552e-05 2.02330197976211e-05 3.41602405832471e-05 3.14161091049072e-05
covarpcs.V4 8.58471474265123e-06 3.16400637578354e-05 9.01798147592994e-06 3.96992896272552e-05 0.000465007194444336 -3.39165357504642e-06 -3.68191523573032e-05 -2.68830494863594e-05
proband -5.65197026582501e-05 -3.15373708148211e-05 -1.36758543476638e-05 2.02330197976211e-05 -3.39165357504642e-06 0.00117008874277943 -0.000670327225818268 -0.000623211621144868
paternal 7.72856508595218e-05 -2.87089344113873e-05 -1.92221708460152e-05 3.41602405832471e-05 -3.68191523573032e-05 -0.000670327225818268 0.0013130061358805 -2.58784105692276e-05
maternal 4.90489446076497e-05 6.5895885214845e-06 -5.29787839602737e-06 3.14161091049072e-05 -2.68830494863594e-05 -0.000623211621144868 -2.58784105692276e-05 0.00120272636458338
