(Intercept) covarage covarsex covarpcs.V3 covarpcs.V4 proband
(Intercept) 0.000534266838139165 0.000158615001883258 1.02170482353089e-05 1.71500051633954e-05 1.18889660992965e-05 9.25903169282391e-06
covarage 0.000158615001883258 0.000549052825629761 2.65266254997416e-05 2.39656300123617e-06 3.08903453363825e-05 -4.21679462568104e-05
covarsex 1.02170482353089e-05 2.65266254997416e-05 0.000425182206383023 -1.09285226750197e-05 8.33315573206776e-06 -2.61517774109634e-05
covarpcs.V3 1.71500051633954e-05 2.39656300123617e-06 -1.09285226750197e-05 0.000489320274409549 4.12385748857551e-05 5.43698491925928e-05
covarpcs.V4 1.18889660992965e-05 3.08903453363825e-05 8.33315573206776e-06 4.12385748857551e-05 0.000462565896256093 -3.6569163958599e-05
proband 9.25903169282391e-06 -4.21679462568104e-05 -2.61517774109634e-05 5.43698491925928e-05 -3.6569163958599e-05 0.00048860128108265
