(Intercept) covarage covarsex covarpcs.V3 covarpcs.V4 proband
(Intercept) 0.000541173081140469 0.000161088463366868 1.00824363800715e-05 1.59108619731278e-05 1.360049056288e-05 -1.30566534272176e-05
covarage 0.000161088463366868 0.000556321779849836 2.74758604280806e-05 1.07543296456814e-05 2.51605037316203e-05 4.87625621240324e-05
covarsex 1.00824363800715e-05 2.74758604280806e-05 0.000431205679945315 -6.27130493700233e-06 4.58241629427635e-06 2.76084619359267e-05
covarpcs.V3 1.59108619731278e-05 1.07543296456814e-05 -6.27130493700233e-06 0.000491476343305342 4.43973280277983e-05 3.23968195678197e-05
covarpcs.V4 1.360049056288e-05 2.51605037316203e-05 4.58241629427635e-06 4.43973280277983e-05 0.000467774843296878 -3.32340365209833e-05
proband -1.30566534272176e-05 4.87625621240324e-05 2.76084619359267e-05 3.23968195678197e-05 -3.32340365209833e-05 0.000519834658458708
