(Intercept) covarage covarsex covarpcs.V3 covarpcs.V4 proband
(Intercept) 0.000541175523920385 0.000161089695204338 1.00820433547194e-05 1.59119888852451e-05 1.36013494877e-05 -1.3056580872566e-05
covarage 0.000161089695204338 0.000556324821973443 2.74760489396947e-05 1.07550842341126e-05 2.51612446449975e-05 4.87629322742161e-05
covarsex 1.00820433547194e-05 2.74760489396947e-05 0.000431208433711165 -6.27156956266475e-06 4.58236555282376e-06 2.76088941683283e-05
covarpcs.V3 1.59119888852451e-05 1.07550842341126e-05 -6.27156956266475e-06 0.000491479555612907 4.43979721323628e-05 3.23971784746645e-05
covarpcs.V4 1.36013494877e-05 2.51612446449975e-05 4.58236555282376e-06 4.43979721323628e-05 0.000467777928878995 -3.3234486625168e-05
proband -1.3056580872566e-05 4.87629322742161e-05 2.76088941683283e-05 3.23971784746645e-05 -3.3234486625168e-05 0.000519837733225632
