(Intercept) covarage covarsex covarpcs.V3 covarpcs.V4 proband paternal maternal
(Intercept) 0.000541456895368424 0.000161141235881805 9.96448591934385e-06 1.58723188239582e-05 1.37891805588103e-05 -1.04448695397139e-05 6.39829561156514e-06 -1.27019582856455e-05
covarage 0.000161141235881805 0.000556521177529195 2.7466793511212e-05 1.07142091802423e-05 2.52924433542747e-05 5.12060441485958e-05 1.44872920842167e-06 -5.54496558950268e-06
covarsex 9.96448591934385e-06 2.7466793511212e-05 0.000431308784833218 -6.18195378039852e-06 4.41206454923657e-06 2.50052170714392e-05 -1.86975506128817e-06 8.01741049499466e-06
covarpcs.V3 1.58723188239582e-05 1.07142091802423e-05 -6.18195378039852e-06 0.000493062235713565 4.2801769814296e-05 4.65867173669185e-06 3.59847395245554e-05 2.30349618616968e-05
covarpcs.V4 1.37891805588103e-05 2.52924433542747e-05 4.41206454923657e-06 4.2801769814296e-05 0.000469872832025141 -1.20857063831367e-07 -3.70095263470538e-05 -3.32575999200107e-05
proband -1.04448695397139e-05 5.12060441485958e-05 2.50052170714392e-05 4.65867173669185e-06 -1.20857063831367e-07 0.00107985137660975 -0.000624967054546962 -0.000559569073991376
paternal 6.39829561156514e-06 1.44872920842167e-06 -1.86975506128817e-06 3.59847395245554e-05 -3.70095263470538e-05 -0.000624967054546962 0.00125330439806377 6.63055564334188e-05
maternal -1.27019582856455e-05 -5.54496558950268e-06 8.01741049499466e-06 2.30349618616968e-05 -3.32575999200107e-05 -0.000559569073991376 6.63055564334188e-05 0.00112807888840326
