(Intercept) covarage covarsex covarpcs.V3 covarpcs.V4 proband paternal maternal
(Intercept) 0.000523148523324553 0.000146058035412048 8.23192126633415e-06 1.74974484733388e-05 8.37326715550679e-06 -9.66450333623733e-06 7.03890553482968e-06 -1.26808331212566e-05
covarage 0.000146058035412048 0.000540186604205199 2.58034367972039e-05 1.19345658322288e-05 2.02924742735886e-05 5.13712287733596e-05 9.50652340526395e-07 -5.60179648456565e-06
covarsex 8.23192126633415e-06 2.58034367972039e-05 0.000419937202594714 -6.61849035698371e-06 2.08659179705819e-06 2.48704021348984e-05 -1.61012340933326e-06 8.05811784875427e-06
covarpcs.V3 1.74974484733388e-05 1.19345658322288e-05 -6.61849035698371e-06 0.000475572472104288 3.73385670837536e-05 5.82730136161463e-06 3.4256053746673e-05 2.2548554680079e-05
covarpcs.V4 8.37326715550679e-06 2.02924742735886e-05 2.08659179705819e-06 3.73385670837536e-05 0.000452025007419486 1.52107863673778e-07 -3.54731439241443e-05 -3.2034073748076e-05
proband -9.66450333623733e-06 5.13712287733596e-05 2.48704021348984e-05 5.82730136161463e-06 1.52107863673778e-07 0.00105420447960163 -0.000610853562902131 -0.000545271027117492
paternal 7.03890553482968e-06 9.50652340526395e-07 -1.61012340933326e-06 3.4256053746673e-05 -3.54731439241443e-05 -0.000610853562902131 0.00123577922640935 5.72867696656351e-05
maternal -1.26808331212566e-05 -5.60179648456565e-06 8.05811784875427e-06 2.2548554680079e-05 -3.2034073748076e-05 -0.000545271027117492 5.72867696656351e-05 0.00111077852896643
