(Intercept) covarage covarsex covarage_sex covarPC_3 covarPC_4 proband
(Intercept) 0.00702866660945993 0.00603256964193456 0.00191975108122947 -0.00492193620536171 0.000179234237693263 7.89112760925033e-05 -0.000216872685666369
covarage 0.00603256964193456 0.0090056954064939 0.00685770491727709 -0.0145266628675766 4.82698191665097e-05 4.6032529513009e-05 -4.12661180995204e-05
covarsex 0.00191975108122947 0.00685770491727709 0.009540663527736 -0.0172959506758313 -4.83245551086791e-05 3.37643127110247e-05 -4.52139136058448e-05
covarage_sex -0.00492193620536171 -0.0145266628675766 -0.0172959506758313 0.035312864702587 6.57479409119466e-05 1.81082908652085e-05 1.07330540718142e-05
covarPC_3 0.000179234237693263 4.82698191665097e-05 -4.83245551086791e-05 6.57479409119466e-05 0.00120435634033244 3.86181593928664e-05 2.7119670115716e-05
covarPC_4 7.89112760925033e-05 4.6032529513009e-05 3.37643127110247e-05 1.81082908652085e-05 3.86181593928664e-05 0.00121644166478648 -3.0973407153278e-05
proband -0.000216872685666369 -4.12661180995204e-05 -4.52139136058448e-05 1.07330540718142e-05 2.7119670115716e-05 -3.0973407153278e-05 0.000960769070796071
