(Intercept) covarage covarsex covarage_sex covarPC_3 covarPC_4 proband
(Intercept) 0.000257506040978452 1.92465632780304e-05 -1.46693343203519e-05 0.000126773080127494 3.57330812147072e-05 5.26743430030415e-06 -4.39896701197406e-05
covarage 1.92465632780304e-05 0.000376231824312796 0.000545384485858377 -0.000602997238043527 -3.1057864874049e-06 1.5495448832927e-05 3.6530521803475e-07
covarsex -1.46693343203519e-05 0.000545384485858377 0.00202351979458634 -0.00216542286209466 -1.35110057972265e-05 1.18011185214218e-05 -7.04588061172383e-06
covarage_sex 0.000126773080127494 -0.000602997238043527 -0.00216542286209466 0.00258501492082818 2.04644443039554e-05 -8.71271023428842e-06 -4.60492432843115e-07
covarPC_3 3.57330812147072e-05 -3.1057864874049e-06 -1.35110057972265e-05 2.04644443039554e-05 0.000189897426141741 1.19765001757304e-05 1.39293008542135e-06
covarPC_4 5.26743430030415e-06 1.5495448832927e-05 1.18011185214218e-05 -8.71271023428842e-06 1.19765001757304e-05 0.000211004624895656 -6.03194189320463e-06
proband -4.39896701197406e-05 3.6530521803475e-07 -7.04588061172383e-06 -4.60492432843115e-07 1.39293008542135e-06 -6.03194189320463e-06 0.000193148124916555
