(Intercept) covarage covarsex covarage_sex covarPC_3 covarPC_4 proband
(Intercept) 0.000473302179184658 0.000399042595805861 0.000216817896853394 -0.000429773646930827 2.03716214185627e-05 1.75853979444872e-05 -1.55794075010669e-05
covarage 0.000399042595805861 0.00111205357418297 0.00123518034790692 -0.00179038457626208 2.9542390114427e-06 2.67550560952666e-05 -1.17584975846646e-05
covarsex 0.000216817896853394 0.00123518034790692 0.00242384189847876 -0.00298730912218085 -6.17404969314612e-06 1.95301630233201e-05 -1.89466226869506e-05
covarage_sex -0.000429773646930827 -0.00179038457626208 -0.00298730912218085 0.00422905860768281 9.84781676780769e-06 -1.58397760357284e-05 1.61232019031273e-05
covarPC_3 2.03716214185627e-05 2.9542390114427e-06 -6.17404969314612e-06 9.84781676780769e-06 0.000297537484453994 1.12794165737943e-05 5.87028745578972e-06
covarPC_4 1.75853979444872e-05 2.67550560952666e-05 1.95301630233201e-05 -1.58397760357284e-05 1.12794165737943e-05 0.000315135498349103 -8.06773212472887e-06
proband -1.55794075010669e-05 -1.17584975846646e-05 -1.89466226869506e-05 1.61232019031273e-05 5.87028745578972e-06 -8.06773212472887e-06 0.000277463824153471
