(Intercept) covarage covarsex covarage_sex covarPC_3 covarPC_4 proband
(Intercept) 0.000124462863649929 3.34291558056004e-05 1.67902864649502e-05 -3.72026386748788e-05 1.24758880715445e-05 -8.97199216200938e-07 -8.37812176254638e-06
covarage 3.34291558056004e-05 0.000361549042443944 0.000507480554026457 -0.000579344600995523 -1.46955904683203e-06 9.54892926262254e-06 -7.11851165733206e-07
covarsex 1.67902864649502e-05 0.000507480554026457 0.00123328600826412 -0.00128072412758926 -4.89780501421486e-06 6.25307249274922e-06 -3.08529015848457e-06
covarage_sex -3.72026386748788e-05 -0.000579344600995523 -0.00128072412758926 0.00147378284126733 6.08372054376844e-06 -4.34639467620472e-06 9.71870356843072e-07
covarPC_3 1.24758880715445e-05 -1.46955904683203e-06 -4.89780501421486e-06 6.08372054376844e-06 0.000113779842433299 4.54005562981778e-06 1.84936013495225e-06
covarPC_4 -8.97199216200938e-07 9.54892926262254e-06 6.25307249274922e-06 -4.34639467620472e-06 4.54005562981778e-06 0.000124924113519733 -4.07085864666383e-06
proband -8.37812176254638e-06 -7.11851165733206e-07 -3.08529015848457e-06 9.71870356843072e-07 1.84936013495225e-06 -4.07085864666383e-06 0.000116407534002184
