(Intercept) covarage covarsex covarage_sex covarPC_3 covarPC_4 proband
(Intercept) 8.57348262691459e-05 2.27280779032964e-05 -4.81452328235911e-06 -7.96110693993277e-06 5.53818491214839e-06 2.48587111804067e-06 -3.42935944836178e-06
covarage 2.27280779032964e-05 0.000252962800568207 0.00035682053512823 -0.000406414983114659 -1.7554766069138e-06 6.39825830434926e-06 -6.8902115945104e-07
covarsex -4.81452328235911e-06 0.00035682053512823 0.00082013637431486 -0.000860838170132889 -4.46396975492534e-06 4.2904151645332e-06 -2.65924007247776e-06
covarage_sex -7.96110693993277e-06 -0.000406414983114659 -0.000860838170132889 0.00100691095058819 6.00963762126455e-06 -3.25809455592707e-06 1.23596934279326e-06
covarPC_3 5.53818491214839e-06 -1.7554766069138e-06 -4.46396975492534e-06 6.00963762126455e-06 7.86512436476734e-05 3.41051150692891e-06 1.37752140730766e-06
covarPC_4 2.48587111804067e-06 6.39825830434926e-06 4.2904151645332e-06 -3.25809455592707e-06 3.41051150692891e-06 8.56190420246692e-05 -2.44709082001807e-06
proband -3.42935944836178e-06 -6.8902115945104e-07 -2.65924007247776e-06 1.23596934279326e-06 1.37752140730766e-06 -2.44709082001807e-06 7.810871396649e-05
