(Intercept) covarage covarsex covarage_sex covarPC_3 covarPC_4 proband
(Intercept) 6.74343721004051e-05 -9.35304846395781e-06 3.94030346607132e-05 -3.48998188319717e-05 2.23958873277872e-06 -1.72212014368558e-06 -3.38687569883985e-06
covarage -9.35304846395781e-06 0.000186715230122748 0.000288066941966152 -0.000295001843497687 -3.74011038664886e-06 5.4622833502896e-06 3.47511214945864e-06
covarsex 3.94030346607132e-05 0.000288066941966152 0.00093738448361169 -0.000898678907281363 -2.00494124916038e-06 3.08002998883973e-06 -3.29192372725937e-06
covarage_sex -3.48998188319717e-05 -0.000295001843497687 -0.000898678907281363 0.000916215108713552 3.36137996354881e-06 -2.47747207924678e-06 1.7349841350216e-06
covarPC_3 2.23958873277872e-06 -3.74011038664886e-06 -2.00494124916038e-06 3.36137996354881e-06 5.57105854057593e-05 1.16126566291743e-06 8.75223412961692e-07
covarPC_4 -1.72212014368558e-06 5.4622833502896e-06 3.08002998883973e-06 -2.47747207924678e-06 1.16126566291743e-06 6.11250767432915e-05 -1.63908953403379e-06
proband -3.38687569883985e-06 3.47511214945864e-06 -3.29192372725937e-06 1.7349841350216e-06 8.75223412961692e-07 -1.63908953403379e-06 5.94809503910894e-05
