(Intercept) covarage covarsex covarage_sex covarPC_3 covarPC_4 proband
(Intercept) 0.000320841382629435 0.000262507531812126 0.000114786122848807 -0.000325613060905536 2.16748496923573e-05 2.94448551215565e-06 -1.66836353675203e-05
covarage 0.000262507531812126 0.00107973319598263 0.00133917505194685 -0.00173877695338835 6.82131906160478e-07 1.52226259369495e-05 -5.52650145920155e-06
covarsex 0.000114786122848807 0.00133917505194685 0.00230485833479364 -0.00265188096981465 -8.88166653263871e-06 1.12478270295763e-05 -7.80486159164498e-06
covarage_sex -0.000325613060905536 -0.00173877695338835 -0.00265188096981465 0.00345838604914596 1.10011064629112e-05 -9.03778899282422e-06 6.47043774478136e-06
covarPC_3 2.16748496923573e-05 6.82131906160478e-07 -8.88166653263871e-06 1.10011064629112e-05 0.000177970401176561 7.6487294189194e-06 2.50462346718867e-06
covarPC_4 2.94448551215565e-06 1.52226259369495e-05 1.12478270295763e-05 -9.03778899282422e-06 7.6487294189194e-06 0.000188965987130602 -5.2222162846782e-06
proband -1.66836353675203e-05 -5.52650145920155e-06 -7.80486159164498e-06 6.47043774478136e-06 2.50462346718867e-06 -5.2222162846782e-06 0.000167996975139401
