(Intercept) covarSEX covarYOB covarYOBsq covarSEX_YOB covarSEX_YOBsq covarPC1 covarPC2 covarPC3 covarPC4 covarPC5 covarPC6 covarPC7 covarPC8 covarPC9 covarPC10 covarPC11 covarPC12 covarPC13 covarPC14 covarPC15 covarPC16 covarPC17 covarPC18 covarPC19 covarPC20 proband paternal gpp gmp
(Intercept) 0.0141279374143828 36.6417387535251 -2.07612777426141 2.06367505173028 -73.0969247692822 36.4626670286798 0.000277735513811371 -1.35258349312118e-05 -0.000392995054512457 0.000222622977170648 -0.000430777642099453 0.000243528363299248 1.18580596535394e-05 -0.000250014904146055 -8.43831982011887e-05 0.00012864757182124 -0.000266599577294249 -0.000300249577260802 6.26013475108202e-05 -0.000166836915574163 -0.000192442447076103 -0.000143247846470568 0.000208432154365554 -2.83668981218555e-05 0.000168662805504943 0.000142208164126818 -0.000554398304478037 0.000465818173733347 -0.000211489001549581 -0.000294904692393293
covarSEX 36.6417387535251 2881207.45147984 35655.2079500363 -35503.5795997623 -5745032.21237834 2864367.48304121 -1.67635561777835 0.428811479479855 0.881323689502189 1.02805555710826 -2.63821431694604 0.379203555244782 1.41306225207304 -0.418156855109785 -0.994415019706063 0.770915923702743 1.72082194579659 -1.00851762277039 1.06114455806749 1.00350445149729 0.557767541651376 -3.18683122767649 -0.893626078536098 -1.22300753945439 -1.15523278860134 0.783916545880346 -1.98772179906271 4.02258269516229 -2.36402678867031 -2.44282786862931
covarYOB -2.07612777426141 35655.2079500363 1212.31161464806 -1207.15945551302 -71062.0440942174 35413.6028526853 -0.0453667844059217 0.0221063331568696 0.0520778897175235 -0.0677902790956157 0.0406891035288556 -0.00770927149406273 -0.00493332295330062 0.0572837504454808 -0.000290149533935715 -0.0302914695776909 0.103635774272125 0.0540478629933465 -0.00385591396019167 0.0372525065497868 -0.0019894523123443 -0.065722641639464 -0.0354944562559212 -0.0200509533451772 -0.0251018792373294 -0.0256665901269195 0.0529050639642507 0.199513066462507 -0.212048771888508 -0.0654174750880195
covarYOBsq 2.06367505173028 -35503.5795997623 -1207.15945551302 1202.04251727774 70760.619459762 -35263.7748102315 0.0447537518643872 -0.0216393183771865 -0.0514583677322144 0.0675721998529056 -0.0403474171374129 0.00742989809351367 0.00515993367612693 -0.0568891310015389 0.000426922245778102 0.0303319892053957 -0.103056733497583 -0.0538584735920819 0.00411859995955813 -0.0372364001019344 0.00231296434867493 0.0655844483194045 0.0352017177752959 0.0198630553081898 0.0248436304071344 0.0256007116329164 -0.0526714047149134 -0.198730297474579 0.21106051179855 0.065267800116157
covarSEX_YOB -73.0969247692822 -5745032.21237834 -71062.0440942174 70760.619459762 11455528.3931554 -5711577.91899982 3.33706650391295 -0.853472603413307 -1.74333572886576 -2.051872700261 5.26360500101537 -0.761648115089612 -2.78791660811181 0.82170402729298 1.99383602165552 -1.53870250198621 -3.43511834254366 2.01775693382244 -2.09812912721562 -2.00671264237002 -1.10037246364969 6.34070484157396 1.77449169160724 2.43219585487953 2.29999348064587 -1.56389182660574 3.95413844515521 -8.0189747295435 4.72104881942027 4.88018485044928
covarSEX_YOBsq 36.4626670286798 2864367.48304121 35413.6028526853 -35263.7748102315 -5711577.91899982 2847749.55847327 -1.66116756523579 0.424752104360274 0.862212045813006 1.02403724965511 -2.62594124742004 0.382543248949409 1.37525305875962 -0.40361996265801 -0.999605603632341 0.767920962349328 1.71465956931238 -1.00940558394309 1.0372412954791 1.00336278962896 0.542780580167452 -3.15443968963216 -0.880961829034757 -1.20934287693672 -1.14497861334433 0.780045435535791 -1.96690329579788 3.99714373190846 -2.3573757047544 -2.43762593413351
covarPC1 0.000277735513811371 -1.67635561777835 -0.0453667844059217 0.0447537518643872 3.33706650391295 -1.66116756523579 0.00396112231198631 -0.000730812349539776 0.000255649982852779 -0.000122006704463721 -0.000217799597148688 2.51690500579428e-05 4.41722891318877e-05 2.11770302059146e-05 2.27087046375954e-05 -4.38287786178809e-05 -9.93016952329786e-05 0.000450994602362726 8.04283808241904e-05 -0.000289571984670827 -0.000512956343832338 -0.000456246426651355 0.000125634785891086 -5.27845443677934e-06 9.69186837493552e-05 -2.73252805696051e-05 -0.000340801775058039 -0.000122162865869716 -0.000233143988520753 -0.000229945770324249
covarPC2 -1.35258349312118e-05 0.428811479479855 0.0221063331568696 -0.0216393183771865 -0.853472603413307 0.424752104360274 -0.000730812349539776 0.00345544207382878 0.000176329832410696 0.000296686862330964 -0.000190382642108987 -8.28266382465358e-05 -1.83707879806191e-05 0.000227920421068582 -3.90676967263388e-05 8.66547710484318e-05 3.61314328330149e-06 -8.53306082258222e-05 -2.11104744673213e-05 -0.00011169736521883 -2.42800966320871e-05 -6.94700507674146e-06 5.8483245561277e-05 -4.74069289799653e-05 -9.08293075453382e-05 -4.53717442926184e-05 2.28402988712116e-06 2.62569038709483e-06 0.000444839484648902 -9.2012972690901e-05
covarPC3 -0.000392995054512457 0.881323689502189 0.0520778897175235 -0.0514583677322144 -1.74333572886576 0.862212045813006 0.000255649982852779 0.000176329832410696 0.0038825105348321 7.1290770928645e-05 0.000529515678218 4.13375072311306e-05 0.000244023719052119 -4.07784474282828e-05 -0.000520255843448923 0.000141723931317462 0.000194368253314296 2.6357536374505e-05 -0.000212522078833268 0.000159793791738397 9.13159381118483e-06 1.72048026684314e-05 -0.00021247366148344 -0.00022465672484683 0.000189464071888867 7.13489968833677e-05 -5.67922036900262e-05 5.61064695195647e-05 0.000207799052086221 -0.000385106540210461
covarPC4 0.000222622977170648 1.02805555710826 -0.0677902790956157 0.0675721998529056 -2.051872700261 1.02403724965511 -0.000122006704463721 0.000296686862330964 7.1290770928645e-05 0.00409088295085583 0.000791202332595621 -4.08276774535373e-05 6.04397611010967e-05 -0.000354508977862004 0.000217574590786259 0.000111320899099775 0.000130986674955279 -0.000305998929225242 -3.98422332979752e-05 -7.80370254783253e-05 -7.31043737226259e-05 0.000108883381220679 -6.72751053741602e-05 -0.000189842238593808 -4.68914691206656e-05 -2.85075414168326e-05 -0.000126982177305871 0.000340256984297173 0.000199009521793577 -0.000760697326675696
covarPC5 -0.000430777642099453 -2.63821431694604 0.0406891035288556 -0.0403474171374129 5.26360500101537 -2.62594124742004 -0.000217799597148688 -0.000190382642108987 0.000529515678218 0.000791202332595621 0.00462014157026652 0.000108701813830307 0.000354763943596279 -0.000145136843993704 -0.000124644940238315 -9.67456965636623e-05 -0.00034534134982225 0.000151351669752674 -0.000410996947029346 0.000233575537058862 -2.26857209496098e-05 -1.93804287831761e-05 0.00018206348032168 -0.000166911197901413 0.000108601387720827 4.92208601750711e-07 6.8618682708658e-05 2.40398970812201e-05 0.000257989570743225 -0.000453610443476493
covarPC6 0.000243528363299248 0.379203555244782 -0.00770927149406273 0.00742989809351367 -0.761648115089612 0.382543248949409 2.51690500579428e-05 -8.28266382465358e-05 4.13375072311306e-05 -4.08276774535373e-05 0.000108701813830307 0.00305625686844028 -3.25383396093251e-05 7.45943560315158e-05 0.000118853314637328 6.44282467678365e-05 -9.53289626702911e-05 -7.69767444802012e-05 -7.66880545599502e-05 -5.28746236941874e-05 -2.4364837853875e-05 -8.23071045086731e-05 0.000117715444635396 -8.25279554967178e-05 -2.20913384882467e-05 -6.92654650550972e-05 3.54964746298504e-05 -0.000191257416055554 0.000113000703048811 -0.000102712881874218
covarPC7 1.18580596535394e-05 1.41306225207304 -0.00493332295330062 0.00515993367612693 -2.78791660811181 1.37525305875962 4.41722891318877e-05 -1.83707879806191e-05 0.000244023719052119 6.04397611010967e-05 0.000354763943596279 -3.25383396093251e-05 0.00327466664692476 0.000120333787458426 -8.23699650833299e-05 -2.21459995331627e-05 0.000294856263287969 5.86518376243549e-05 0.000255999332289789 -0.000119470387124183 -5.85073369250214e-05 -0.000128326332827196 -0.000158112537957742 2.69344101557887e-05 4.0345852379146e-05 -0.000133838893163148 -8.91279612488885e-05 0.000261679517594825 6.78339491840018e-05 -0.000423067937800049
covarPC8 -0.000250014904146055 -0.418156855109785 0.0572837504454808 -0.0568891310015389 0.82170402729298 -0.40361996265801 2.11770302059146e-05 0.000227920421068582 -4.07784474282828e-05 -0.000354508977862004 -0.000145136843993704 7.45943560315158e-05 0.000120333787458426 0.0035635875909903 0.000120363722288137 5.29088781756538e-05 -0.000217772416602285 -1.69517613406363e-05 5.20504179649195e-05 2.75858881650993e-05 -0.000108340035834738 8.80169930753425e-05 3.8915736486371e-05 -6.63437450746938e-05 -0.00013751460434298 0.000159880709436392 -9.16976459672253e-06 -0.000111419376115311 -1.90949793657329e-06 0.000106969499201476
covarPC9 -8.43831982011887e-05 -0.994415019706063 -0.000290149533935715 0.000426922245778102 1.99383602165552 -0.999605603632341 2.27087046375954e-05 -3.90676967263388e-05 -0.000520255843448923 0.000217574590786259 -0.000124644940238315 0.000118853314637328 -8.23699650833299e-05 0.000120363722288137 0.00329867473655204 -0.00016898349370568 -4.25987494127515e-05 -7.23838749797175e-05 -0.00011348068470725 -0.000166380991840846 -8.35708031576999e-07 4.46536087853176e-05 0.000130398035391177 -0.000176123197184983 -0.000125614051303487 -0.000122057965637108 3.04056955904487e-05 -0.000312638314118355 0.000422623070070117 0.000106784299104126
covarPC10 0.00012864757182124 0.770915923702743 -0.0302914695776909 0.0303319892053957 -1.53870250198621 0.767920962349328 -4.38287786178809e-05 8.66547710484318e-05 0.000141723931317462 0.000111320899099775 -9.67456965636623e-05 6.44282467678365e-05 -2.21459995331627e-05 5.29088781756538e-05 -0.00016898349370568 0.00365855011776554 -0.000127899753411056 3.99361535244424e-05 -9.56289784550045e-05 -0.000127654362832012 0.000157847349880577 -3.2549734070252e-05 -5.874823133681e-06 0.000101168571488131 0.000146629084030181 -2.19646339368252e-05 -5.66582747691905e-05 -0.000132475284515476 0.00045392015638706 -0.000236726065943357
covarPC11 -0.000266599577294249 1.72082194579659 0.103635774272125 -0.103056733497583 -3.43511834254366 1.71465956931238 -9.93016952329786e-05 3.61314328330149e-06 0.000194368253314296 0.000130986674955279 -0.00034534134982225 -9.53289626702911e-05 0.000294856263287969 -0.000217772416602285 -4.25987494127515e-05 -0.000127899753411056 0.00357196161784615 -9.34357052944972e-05 -3.32098051956257e-05 -9.65043679522353e-05 0.000109233225569063 -4.95620205626727e-05 0.000114147122386738 -1.79792934565804e-05 6.93276670060953e-05 0.00014557086591404 3.90285069920791e-05 0.000346335049505546 -0.000439752331710769 -0.000175246998510708
covarPC12 -0.000300249577260802 -1.00851762277039 0.0540478629933465 -0.0538584735920819 2.01775693382244 -1.00940558394309 0.000450994602362726 -8.53306082258222e-05 2.6357536374505e-05 -0.000305998929225242 0.000151351669752674 -7.69767444802012e-05 5.86518376243549e-05 -1.69517613406363e-05 -7.23838749797175e-05 3.99361535244424e-05 -9.34357052944972e-05 0.00328481653942491 5.00880374691337e-05 2.70597806159339e-05 -0.000178399591606573 -7.82165620285434e-05 6.9826388521568e-05 -3.89048758928703e-05 7.73942785166532e-05 -7.19465611467031e-05 -2.13625451251937e-05 0.000369888746687724 -0.000297993417775595 -3.82890735765363e-05
covarPC13 6.26013475108202e-05 1.06114455806749 -0.00385591396019167 0.00411859995955813 -2.09812912721562 1.0372412954791 8.04283808241904e-05 -2.11104744673213e-05 -0.000212522078833268 -3.98422332979752e-05 -0.000410996947029346 -7.66880545599502e-05 0.000255999332289789 5.20504179649195e-05 -0.00011348068470725 -9.56289784550045e-05 -3.32098051956257e-05 5.00880374691337e-05 0.00323748795629456 -0.00012123872331209 0.000157092583784668 3.83019636150277e-05 8.5301785902354e-05 -0.000167377665602224 2.21690213416501e-05 1.98629569099188e-05 5.01942491224091e-07 -0.000136414376584698 -0.000168018275188433 -0.000162676988969035
covarPC14 -0.000166836915574163 1.00350445149729 0.0372525065497868 -0.0372364001019344 -2.00671264237002 1.00336278962896 -0.000289571984670827 -0.00011169736521883 0.000159793791738397 -7.80370254783253e-05 0.000233575537058862 -5.28746236941874e-05 -0.000119470387124183 2.75858881650993e-05 -0.000166380991840846 -0.000127654362832012 -9.65043679522353e-05 2.70597806159339e-05 -0.00012123872331209 0.00336631726547787 -3.22317206935397e-05 7.3008433862819e-05 -1.73855450092531e-05 5.22916186309633e-05 4.15054243273644e-05 -2.7098912969984e-05 -3.32750345354116e-05 0.00020500679808063 -0.000585737988081638 0.000147629242444069
covarPC15 -0.000192442447076103 0.557767541651376 -0.0019894523123443 0.00231296434867493 -1.10037246364969 0.542780580167452 -0.000512956343832338 -2.42800966320871e-05 9.13159381118483e-06 -7.31043737226259e-05 -2.26857209496098e-05 -2.4364837853875e-05 -5.85073369250214e-05 -0.000108340035834738 -8.35708031576999e-07 0.000157847349880577 0.000109233225569063 -0.000178399591606573 0.000157092583784668 -3.22317206935397e-05 0.00343840513914578 0.000118557515459095 -0.000204990115424204 -0.000149747903411692 -8.46109868057071e-05 5.03950176223613e-05 -7.72253587762657e-06 0.000156608651591973 -0.000144064782619513 -9.86934417436374e-05
covarPC16 -0.000143247846470568 -3.18683122767649 -0.065722641639464 0.0655844483194045 6.34070484157396 -3.15443968963216 -0.000456246426651355 -6.94700507674146e-06 1.72048026684314e-05 0.000108883381220679 -1.93804287831761e-05 -8.23071045086731e-05 -0.000128326332827196 8.80169930753425e-05 4.46536087853176e-05 -3.2549734070252e-05 -4.95620205626727e-05 -7.82165620285434e-05 3.83019636150277e-05 7.3008433862819e-05 0.000118557515459095 0.00345657615237707 -0.000169838534505104 -2.56679006683658e-05 -0.000175383454391635 1.60116645117153e-05 -5.8870160177623e-05 0.000115359700088837 7.74561932449924e-05 -0.000137396689899263
covarPC17 0.000208432154365554 -0.893626078536098 -0.0354944562559212 0.0352017177752959 1.77449169160724 -0.880961829034757 0.000125634785891086 5.8483245561277e-05 -0.00021247366148344 -6.72751053741602e-05 0.00018206348032168 0.000117715444635396 -0.000158112537957742 3.8915736486371e-05 0.000130398035391177 -5.874823133681e-06 0.000114147122386738 6.9826388521568e-05 8.5301785902354e-05 -1.73855450092531e-05 -0.000204990115424204 -0.000169838534505104 0.00348846983589868 1.28030566150995e-05 -0.000135324398201232 9.34087435951878e-06 0.000153573919683815 -0.00010532759033439 1.78929581645644e-05 4.82675799033146e-05
covarPC18 -2.83668981218555e-05 -1.22300753945439 -0.0200509533451772 0.0198630553081898 2.43219585487953 -1.20934287693672 -5.27845443677934e-06 -4.74069289799653e-05 -0.00022465672484683 -0.000189842238593808 -0.000166911197901413 -8.25279554967178e-05 2.69344101557887e-05 -6.63437450746938e-05 -0.000176123197184983 0.000101168571488131 -1.79792934565804e-05 -3.89048758928703e-05 -0.000167377665602224 5.22916186309633e-05 -0.000149747903411692 -2.56679006683658e-05 1.28030566150995e-05 0.00319712437070516 2.26878800344047e-05 -7.82939785658412e-06 8.30164954244295e-05 -0.000200855745363855 0.000349133673981926 0.000148423444129153
covarPC19 0.000168662805504943 -1.15523278860134 -0.0251018792373294 0.0248436304071344 2.29999348064587 -1.14497861334433 9.69186837493552e-05 -9.08293075453382e-05 0.000189464071888867 -4.68914691206656e-05 0.000108601387720827 -2.20913384882467e-05 4.0345852379146e-05 -0.00013751460434298 -0.000125614051303487 0.000146629084030181 6.93276670060953e-05 7.73942785166532e-05 2.21690213416501e-05 4.15054243273644e-05 -8.46109868057071e-05 -0.000175383454391635 -0.000135324398201232 2.26878800344047e-05 0.00330958161976378 0.000179165961493431 0.000126547598792154 0.000104985778787754 -0.000572529571749417 0.000450585454281084
covarPC20 0.000142208164126818 0.783916545880346 -0.0256665901269195 0.0256007116329164 -1.56389182660574 0.780045435535791 -2.73252805696051e-05 -4.53717442926184e-05 7.13489968833677e-05 -2.85075414168326e-05 4.92208601750711e-07 -6.92654650550972e-05 -0.000133838893163148 0.000159880709436392 -0.000122057965637108 -2.19646339368252e-05 0.00014557086591404 -7.19465611467031e-05 1.98629569099188e-05 -2.7098912969984e-05 5.03950176223613e-05 1.60116645117153e-05 9.34087435951878e-06 -7.82939785658412e-06 0.000179165961493431 0.00320335448189216 -7.90322073424623e-05 6.88851566034108e-05 5.75940946002319e-05 0.000126294617334519
proband -0.000554398304478037 -1.98772179906271 0.0529050639642507 -0.0526714047149134 3.95413844515521 -1.96690329579788 -0.000340801775058039 2.28402988712116e-06 -5.67922036900262e-05 -0.000126982177305871 6.8618682708658e-05 3.54964746298504e-05 -8.91279612488885e-05 -9.16976459672253e-06 3.04056955904487e-05 -5.66582747691905e-05 3.90285069920791e-05 -2.13625451251937e-05 5.01942491224091e-07 -3.32750345354116e-05 -7.72253587762657e-06 -5.8870160177623e-05 0.000153573919683815 8.30164954244295e-05 0.000126547598792154 -7.90322073424623e-05 0.0039144842850515 -0.00206970955531741 -0.000140786631560087 0.000202657340594557
paternal 0.000465818173733347 4.02258269516229 0.199513066462507 -0.198730297474579 -8.0189747295435 3.99714373190846 -0.000122162865869716 2.62569038709483e-06 5.61064695195647e-05 0.000340256984297173 2.40398970812201e-05 -0.000191257416055554 0.000261679517594825 -0.000111419376115311 -0.000312638314118355 -0.000132475284515476 0.000346335049505546 0.000369888746687724 -0.000136414376584698 0.00020500679808063 0.000156608651591973 0.000115359700088837 -0.00010532759033439 -0.000200855745363855 0.000104985778787754 6.88851566034108e-05 -0.00206970955531741 0.0140706201335791 -0.0105400306806983 -0.00787196734991472
gpp -0.000211489001549581 -2.36402678867031 -0.212048771888508 0.21106051179855 4.72104881942027 -2.3573757047544 -0.000233143988520753 0.000444839484648902 0.000207799052086221 0.000199009521793577 0.000257989570743225 0.000113000703048811 6.78339491840018e-05 -1.90949793657329e-06 0.000422623070070117 0.00045392015638706 -0.000439752331710769 -0.000297993417775595 -0.000168018275188433 -0.000585737988081638 -0.000144064782619513 7.74561932449924e-05 1.78929581645644e-05 0.000349133673981926 -0.000572529571749417 5.75940946002319e-05 -0.000140786631560087 -0.0105400306806983 0.0285063889513566 -0.00763119099549494
gmp -0.000294904692393293 -2.44282786862931 -0.0654174750880195 0.065267800116157 4.88018485044928 -2.43762593413351 -0.000229945770324249 -9.2012972690901e-05 -0.000385106540210461 -0.000760697326675696 -0.000453610443476493 -0.000102712881874218 -0.000423067937800049 0.000106969499201476 0.000106784299104126 -0.000236726065943357 -0.000175246998510708 -3.82890735765363e-05 -0.000162676988969035 0.000147629242444069 -9.86934417436374e-05 -0.000137396689899263 4.82675799033146e-05 0.000148423444129153 0.000450585454281084 0.000126294617334519 0.000202657340594557 -0.00787196734991472 -0.00763119099549494 0.0219947549350856
