(Intercept) covarage covarsex covarage_sex covarPC_3 covarPC_4 proband
(Intercept) 0.00703412786092239 0.00608842206659761 0.00195213942453567 -0.00501866018707439 0.000180977663946341 7.18998209248267e-05 7.38881173475759e-05
covarage 0.00608842206659761 0.00908176370288794 0.00690233117307665 -0.0146500800173647 4.89877783405391e-05 4.25675082348652e-05 3.90458861609661e-05
covarsex 0.00195213942453567 0.00690233117307665 0.00955673573086505 -0.01736491568404 -4.49520571470718e-05 3.00646260982628e-05 2.47218516013553e-05
covarage_sex -0.00501866018707439 -0.0146500800173647 -0.01736491568404 0.0355094313205802 6.35366070921275e-05 2.25256821537996e-05 -2.29305778430501e-05
covarPC_3 0.000180977663946341 4.89877783405391e-05 -4.49520571470718e-05 6.35366070921275e-05 0.00120920307497739 3.39728551623512e-05 -8.69798558739137e-05
covarPC_4 7.18998209248267e-05 4.25675082348652e-05 3.00646260982628e-05 2.25256821537996e-05 3.39728551623512e-05 0.00120330873678227 3.38098688661051e-05
proband 7.38881173475759e-05 3.90458861609661e-05 2.47218516013553e-05 -2.29305778430501e-05 -8.69798558739137e-05 3.38098688661051e-05 0.000980421834260824
