(Intercept) covarage covarsex covarage_sex covarPC_3 covarPC_4 proband
(Intercept) 0.0070341278609224 0.00608842206659762 0.00195213942453567 -0.0050186601870744 0.000180977663946342 7.18998209248268e-05 7.38881173475759e-05
covarage 0.00608842206659762 0.00908176370288795 0.00690233117307666 -0.0146500800173647 4.89877783405391e-05 4.25675082348652e-05 3.90458861609662e-05
covarsex 0.00195213942453567 0.00690233117307666 0.00955673573086506 -0.0173649156840401 -4.49520571470719e-05 3.00646260982628e-05 2.47218516013553e-05
covarage_sex -0.0050186601870744 -0.0146500800173647 -0.0173649156840401 0.0355094313205803 6.35366070921277e-05 2.25256821537998e-05 -2.29305778430502e-05
covarPC_3 0.000180977663946342 4.89877783405391e-05 -4.49520571470719e-05 6.35366070921277e-05 0.00120920307497739 3.39728551623512e-05 -8.69798558739139e-05
covarPC_4 7.18998209248268e-05 4.25675082348652e-05 3.00646260982628e-05 2.25256821537998e-05 3.39728551623512e-05 0.00120330873678227 3.38098688661052e-05
proband 7.38881173475759e-05 3.90458861609662e-05 2.47218516013553e-05 -2.29305778430502e-05 -8.69798558739139e-05 3.38098688661052e-05 0.000980421834260826
