(Intercept) covarage covarsex covarage_sex covarPC_3 covarPC_4 proband
(Intercept) 0.000248120341507111 1.93129990005584e-05 -1.53093713820639e-05 0.000125600681264472 3.48487295272215e-05 4.4204982802321e-06 1.54937588916258e-05
covarage 1.93129990005584e-05 0.000371422783534066 0.000538137213328344 -0.000595007155544474 -2.86634445704692e-06 1.5535092025581e-05 1.06351716028487e-06
covarsex -1.53093713820639e-05 0.000538137213328344 0.00200304031251347 -0.00214259917951153 -1.31045680645916e-05 1.15637145325969e-05 3.0755425177012e-06
covarage_sex 0.000125600681264472 -0.000595007155544474 -0.00214259917951153 0.00255835634654278 1.98140545105984e-05 -8.63200594170592e-06 -1.16446874757393e-06
covarPC_3 3.48487295272215e-05 -2.86634445704692e-06 -1.31045680645916e-05 1.98140545105984e-05 0.000190228490249363 1.15586423956235e-05 -1.39010508946536e-05
covarPC_4 4.4204982802321e-06 1.5535092025581e-05 1.15637145325969e-05 -8.63200594170592e-06 1.15586423956235e-05 0.000209300541977639 6.13273130027644e-06
proband 1.54937588916258e-05 1.06351716028487e-06 3.0755425177012e-06 -1.16446874757393e-06 -1.39010508946536e-05 6.13273130027644e-06 0.000192051498231795
