(Intercept) covarage covarsex covarage_sex covarPC_3 covarPC_4 proband paternal maternal
(Intercept) 0.000248191011939598 1.92847488920597e-05 -1.52503090411295e-05 0.0001255585183313 3.47458894322389e-05 4.45160875213396e-06 1.30297025213266e-05 -1.4764646503965e-06 6.16248552170848e-06
covarage 1.92847488920597e-05 0.000371460091910152 0.000538161731254984 -0.000595040693698782 -2.89019072208175e-06 1.55299479193174e-05 1.36691408134191e-06 6.72972073357804e-07 -1.38078448530604e-06
covarsex -1.52503090411295e-05 0.000538161731254984 0.00200328394017096 -0.0021428011148314 -1.3225803869268e-05 1.15511753755618e-05 2.32412829807661e-06 -5.97250834490788e-06 7.43346292771437e-06
covarage_sex 0.0001255585183313 -0.000595040693698782 -0.0021428011148314 0.00255853489800632 1.98872229658372e-05 -8.63334880386263e-06 -1.1807624398752e-06 5.09787183387815e-06 -5.08868426506439e-06
covarPC_3 3.47458894322389e-05 -2.89019072208175e-06 -1.3225803869268e-05 1.98872229658372e-05 0.000190882073276174 1.13773129757409e-05 3.67200325539884e-07 -1.38901453574496e-05 -1.37646039515667e-05
covarPC_4 4.45160875213396e-06 1.55299479193174e-05 1.15511753755618e-05 -8.63334880386263e-06 1.13773129757409e-05 0.000209426425493993 7.2666214983775e-07 5.1019535997308e-06 5.32311620761633e-06
proband 1.30297025213266e-05 1.36691408134191e-06 2.32412829807661e-06 -1.1807624398752e-06 3.67200325539884e-07 7.2666214983775e-07 0.000540840455589815 -0.000353733086672032 -0.000322642716582515
paternal -1.4764646503965e-06 6.72972073357804e-07 -5.97250834490788e-06 5.09787183387815e-06 -1.38901453574496e-05 5.1019535997308e-06 -0.000353733086672032 0.00073023883230129 -4.32837747075667e-05
maternal 6.16248552170848e-06 -1.38078448530604e-06 7.43346292771437e-06 -5.08868426506439e-06 -1.37646039515667e-05 5.32311620761633e-06 -0.000322642716582515 -4.32837747075667e-05 0.000668142042447874
