(Intercept) covarage covarsex covarage_sex covarPC_3 covarPC_4 proband
(Intercept) 0.000472266472655113 0.00039793244176865 0.000215452460505673 -0.000428366340471123 2.03968252699705e-05 1.72642183821304e-05 3.99854460091289e-06
covarage 0.00039793244176865 0.00111021730909947 0.00123288527158262 -0.00178745876934372 2.88497914348272e-06 2.65705860296627e-05 5.29278038634122e-06
covarsex 0.000215452460505673 0.00123288527158262 0.00242006279820192 -0.00298258504956626 -6.11321728737677e-06 1.90853943606188e-05 6.4838193799295e-06
covarage_sex -0.000428366340471123 -0.00178745876934372 -0.00298258504956626 0.00422286359354588 9.84496954230737e-06 -1.54667844949181e-05 -6.74638944027235e-06
covarPC_3 2.03968252699705e-05 2.88497914348272e-06 -6.11321728737677e-06 9.84496954230737e-06 0.000299317268293287 1.06174096771067e-05 -2.32140454145353e-05
covarPC_4 1.72642183821304e-05 2.65705860296627e-05 1.90853943606188e-05 -1.54667844949181e-05 1.06174096771067e-05 0.000314761596807708 9.25971914342547e-06
proband 3.99854460091289e-06 5.29278038634122e-06 6.4838193799295e-06 -6.74638944027235e-06 -2.32140454145353e-05 9.25971914342547e-06 0.000280680141932276
