(Intercept) covarage covarsex covarage_sex covarPC_3 covarPC_4 proband
(Intercept) 0.000424865452352005 -7.68346313705789e-05 0.000552459698437613 -0.000397623985776303 -5.60065208995254e-06 2.57010184632517e-06 1.32914009756613e-05
covarage -7.68346313705789e-05 0.000582434767782783 0.000963279234180355 -0.000930820314742001 -1.65672955863174e-05 1.5656675098558e-05 -1.2680240731337e-06
covarsex 0.000552459698437613 0.000963279234180355 0.00494223027863941 -0.00446935247510591 -1.14425747503328e-05 1.21765981929661e-05 3.23900036444318e-06
covarage_sex -0.000397623985776303 -0.000930820314742001 -0.00446935247510591 0.00428158483245656 1.51259055332933e-05 -9.11515948015057e-06 -2.56400928735425e-06
covarPC_3 -5.60065208995254e-06 -1.65672955863174e-05 -1.14425747503328e-05 1.51259055332933e-05 0.0002272424773217 2.18562245054487e-06 -1.81919293695554e-05
covarPC_4 2.57010184632517e-06 1.5656675098558e-05 1.21765981929661e-05 -9.11515948015057e-06 2.18562245054487e-06 0.000247362702986457 7.09522332229984e-06
proband 1.32914009756613e-05 -1.2680240731337e-06 3.23900036444318e-06 -2.56400928735425e-06 -1.81919293695554e-05 7.09522332229984e-06 0.000250641207723199
