(Intercept) covarage covarsex covarage_sex covarPC_3 covarPC_4 proband
(Intercept) 9.49095476089549e-05 3.26452025514216e-05 -9.7498220785255e-07 -2.29288033063217e-05 4.50429691361409e-06 1.29657374971198e-06 2.60028022163881e-06
covarage 3.26452025514216e-05 0.000241047611945855 0.000326368535852807 -0.000385894729911043 -2.01877611871482e-06 7.47675888620133e-06 5.73992187765521e-07
covarsex -9.7498220785255e-07 0.000326368535852807 0.000734455615964326 -0.000774202516055398 -4.21409046567623e-06 4.01973213561403e-06 3.0747064370442e-07
covarage_sex -2.29288033063217e-05 -0.000385894729911043 -0.000774202516055398 0.000932345166124143 5.75944626365223e-06 -2.896850753246e-06 -2.7628705439229e-07
covarPC_3 4.50429691361409e-06 -2.01877611871482e-06 -4.21409046567623e-06 5.75944626365223e-06 8.27736823689471e-05 2.55104611576254e-06 -6.48037882946048e-06
covarPC_4 1.29657374971198e-06 7.47675888620133e-06 4.01973213561403e-06 -2.896850753246e-06 2.55104611576254e-06 8.78376165931625e-05 2.98221882553077e-06
proband 2.60028022163881e-06 5.73992187765521e-07 3.0747064370442e-07 -2.7628705439229e-07 -6.48037882946048e-06 2.98221882553077e-06 8.20586031854954e-05
