(Intercept) covarage covarsex covarage_sex covarPC_3 covarPC_4 proband
(Intercept) 9.49095473274851e-05 3.26452024868017e-05 -9.74982202119271e-07 -2.29288033050554e-05 4.50429691440559e-06 1.29657374467935e-06 2.60028022159335e-06
covarage 3.26452024868017e-05 0.000241047611426197 0.000326368535251664 -0.000385894729235103 -2.01877611366331e-06 7.47675886889534e-06 5.73992187524219e-07
covarsex -9.74982202119271e-07 0.000326368535251664 0.000734455614418971 -0.000774202514461649 -4.21409045855802e-06 4.01973212065932e-06 3.07470644994246e-07
covarage_sex -2.29288033050554e-05 -0.000385894729235103 -0.000774202514461649 0.000932345164287433 5.75944625605701e-06 -2.89685074174505e-06 -2.76287055425571e-07
covarPC_3 4.50429691440559e-06 -2.01877611366331e-06 -4.21409045855802e-06 5.75944625605701e-06 8.2773682091885e-05 2.55104610469095e-06 -6.4803788125857e-06
covarPC_4 1.29657374467935e-06 7.47675886889534e-06 4.01973212065932e-06 -2.89685074174505e-06 2.55104610469095e-06 8.78376162849038e-05 2.98221881972582e-06
proband 2.60028022159335e-06 5.73992187524219e-07 3.07470644994246e-07 -2.76287055425571e-07 -6.4803788125857e-06 2.98221881972582e-06 8.20586029638369e-05
