(Intercept) covarage covarsex covarage_sex covarPC_3 covarPC_4 proband
(Intercept) 8.55804518212561e-05 2.26537320513367e-05 -4.95925032490186e-06 -7.87438891570061e-06 5.49666147109844e-06 2.42234632015571e-06 1.28759605497062e-06
covarage 2.26537320513367e-05 0.000252374738338905 0.00035596624948302 -0.000405447916619571 -1.74960582505651e-06 6.39942319949334e-06 5.5457028807148e-07
covarsex -4.95925032490186e-06 0.00035596624948302 0.000818554433940103 -0.000859075582959999 -4.41688818891271e-06 4.22533200476698e-06 9.00056949066726e-07
covarage_sex -7.87438891570061e-06 -0.000405447916619571 -0.000859075582959999 0.00100487537393785 5.97071814259144e-06 -3.23416888885556e-06 -7.88057506587242e-07
covarPC_3 5.49666147109844e-06 -1.74960582505651e-06 -4.41688818891271e-06 5.97071814259144e-06 7.90851617460148e-05 3.24540074319704e-06 -6.15836191008348e-06
covarPC_4 2.42234632015571e-06 6.39942319949334e-06 4.22533200476698e-06 -3.23416888885556e-06 3.24540074319704e-06 8.5517916074761e-05 2.64177044608752e-06
proband 1.28759605497062e-06 5.5457028807148e-07 9.00056949066726e-07 -7.88057506587242e-07 -6.15836191008348e-06 2.64177044608752e-06 7.8525589690103e-05
