(Intercept) covarage covarsex covarage_sex covarPC_3 covarPC_4 proband paternal maternal
(Intercept) 7.18068267540297e-05 1.35373286292591e-05 3.29710848281846e-06 -8.18767435379654e-07 2.79847579476897e-07 1.5147372872441e-06 5.74914305653132e-07 -1.82921197268103e-06 8.28634746083958e-08
covarage 1.35373286292591e-05 0.000209053327773341 0.000297954810810205 -0.000331458820381641 -4.29581515715521e-06 9.32166747617582e-06 9.99531891891148e-07 -1.21699674089654e-06 6.60170574648362e-07
covarsex 3.29710848281846e-06 0.000297954810810205 0.000768523073037291 -0.000802725912504141 -6.02809566134578e-06 5.49533748098598e-06 2.59336744471109e-06 -4.01783166519381e-06 3.09669280366113e-06
covarage_sex -8.18767435379654e-07 -0.000331458820381641 -0.000802725912504141 0.000918319027866942 9.15244696230981e-06 -4.2742800582541e-06 -2.31188339912655e-06 3.85069349363114e-06 -2.28026400100027e-06
covarPC_3 2.79847579476897e-07 -4.29581515715521e-06 -6.02809566134578e-06 9.15244696230981e-06 6.45549549332095e-05 2.58436042760811e-06 3.22678829453869e-08 -4.81921324168384e-06 -5.3795516844476e-06
covarPC_4 1.5147372872441e-06 9.32166747617582e-06 5.49533748098598e-06 -4.2742800582541e-06 2.58436042760811e-06 7.36261392829008e-05 -1.31412766761181e-07 1.68212094308286e-06 2.47286349175932e-06
proband 5.74914305653132e-07 9.99531891891148e-07 2.59336744471109e-06 -2.31188339912655e-06 3.22678829453869e-08 -1.31412766761181e-07 0.000189002284225529 -0.000124939402932951 -0.000114142480052605
paternal -1.82921197268103e-06 -1.21699674089654e-06 -4.01783166519381e-06 3.85069349363114e-06 -4.81921324168384e-06 1.68212094308286e-06 -0.000124939402932951 0.000271645473438774 -2.47476390760251e-05
maternal 8.28634746083958e-08 6.60170574648362e-07 3.09669280366113e-06 -2.28026400100027e-06 -5.3795516844476e-06 2.47286349175932e-06 -0.000114142480052605 -2.47476390760251e-05 0.000251640520635018
