(Intercept) covarage covarsex covarage_sex covarPC_3 covarPC_4 proband
(Intercept) 7.17944977713037e-05 1.35296232279768e-05 3.27107781627641e-06 -7.93542145596873e-07 2.45440204110926e-07 1.52709375940664e-06 -3.08436285305097e-07
covarage 1.35296232279768e-05 0.000209045578378266 0.00029792878585007 -0.000331435533623486 -4.30483924189233e-06 9.3232492497212e-06 7.15526935618933e-07
covarsex 3.27107781627641e-06 0.00029792878585007 0.000768429397337639 -0.000802644070099428 -6.03627624611236e-06 5.49140183871365e-06 2.11873917670522e-06
covarage_sex -7.93542145596873e-07 -0.000331435533623486 -0.000802644070099428 0.000918246455864292 9.17661919406757e-06 -4.2778954854096e-06 -1.50968524429348e-06
covarPC_3 2.45440204110926e-07 -4.30483924189233e-06 -6.03627624611236e-06 9.17661919406757e-06 6.43335811604585e-05 2.67536768217149e-06 -5.11287583845976e-06
covarPC_4 1.52709375940664e-06 9.3232492497212e-06 5.49140183871365e-06 -4.2778954854096e-06 2.67536768217149e-06 7.3587740566739e-05 1.96405508086638e-06
proband -3.08436285305097e-07 7.15526935618933e-07 2.11873917670522e-06 -1.50968524429348e-06 -5.11287583845976e-06 1.96405508086638e-06 6.8357056497111e-05
