(Intercept) covarage covarsex covarage_sex covarPC_3 covarPC_4 proband
(Intercept) 7.17944901788075e-05 1.35296215309454e-05 3.2710779009759e-06 -7.93542367619427e-07 2.45440180358705e-07 1.52709362198723e-06 -3.08436256551289e-07
covarage 1.35296215309454e-05 0.000209045561909852 0.000297928764762337 -0.000331435510287518 -4.30483897353986e-06 9.32324849670228e-06 7.15526886645467e-07
covarsex 3.2710779009759e-06 0.000297928764762337 0.000768429341365031 -0.000802644012147156 -6.03627587195362e-06 5.49140143342237e-06 2.11873900292564e-06
covarage_sex -7.93542367619427e-07 -0.000331435510287518 -0.000802644012147156 0.00091824639006132 9.17661868157958e-06 -4.27789522617063e-06 -1.50968506087491e-06
covarPC_3 2.45440180358705e-07 -4.30483897353986e-06 -6.03627587195362e-06 9.17661868157958e-06 6.43335743273766e-05 2.67536737704184e-06 -5.11287539859124e-06
covarPC_4 1.52709362198723e-06 9.32324849670228e-06 5.49140143342237e-06 -4.27789522617063e-06 2.67536737704184e-06 7.35877327498965e-05 1.96405490994748e-06
proband -3.08436256551289e-07 7.15526886645467e-07 2.11873900292564e-06 -1.50968506087491e-06 -5.11287539859124e-06 1.96405490994748e-06 6.83570505470126e-05
