(Intercept) covarage covarsex covarage_sex covarPC_3 covarPC_4 proband
(Intercept) 6.71081738545086e-05 -9.0070001562414e-06 3.92120107934139e-05 -3.48020081906413e-05 2.19881670008106e-06 -1.79282345247214e-06 1.07097029595089e-06
covarage -9.0070001562414e-06 0.000185726280184192 0.000286836061506718 -0.000293777298131845 -3.69494368093557e-06 5.55520446914645e-06 -7.35844781625641e-07
covarsex 3.92120107934139e-05 0.000286836061506718 0.000933005700883801 -0.000894683299079361 -1.99008885546223e-06 3.04374982685857e-06 1.48509716773673e-06
covarage_sex -3.48020081906413e-05 -0.000293777298131845 -0.000894683299079361 0.000912453733671002 3.34553329518698e-06 -2.47904003424376e-06 -1.14658437121846e-06
covarPC_3 2.19881670008106e-06 -3.69494368093557e-06 -1.99008885546223e-06 3.34553329518698e-06 5.59551503891932e-05 1.03818353920298e-06 -4.51097297265802e-06
covarPC_4 -1.79282345247214e-06 5.55520446914645e-06 3.04374982685857e-06 -2.47904003424376e-06 1.03818353920298e-06 6.09908369664193e-05 1.75862333760001e-06
proband 1.07097029595089e-06 -7.35844781625641e-07 1.48509716773673e-06 -1.14658437121846e-06 -4.51097297265802e-06 1.75862333760001e-06 5.91017165415595e-05
