(Intercept) covarage covarsex covarage_sex covarPC_3 covarPC_4 proband paternal maternal
(Intercept) 6.71219669173325e-05 -9.00527588987731e-06 3.92326932383291e-05 -3.48187096300422e-05 2.22728324738232e-06 -1.80251572264634e-06 1.66164459148318e-06 -1.8335810423428e-06 6.46862943064662e-07
covarage -9.00527588987731e-06 0.000185729663683391 0.000286844813800835 -0.000293785228626502 -3.69659664725401e-06 5.55529531292275e-06 -7.61255470861688e-07 -2.3424263411629e-07 2.82191177786725e-07
covarsex 3.92326932383291e-05 0.000286844813800835 0.00093307431733289 -0.000894738088043631 -2.00936018051389e-06 3.05107651063394e-06 1.06002956486171e-06 -2.58907397698827e-06 3.43693860568283e-06
covarage_sex -3.48187096300422e-05 -0.000293785228626502 -0.000894738088043631 0.000912498618292947 3.35559772941641e-06 -2.48293710954247e-06 -9.33820128020339e-07 2.12525131060597e-06 -2.5493591021381e-06
covarPC_3 2.22728324738232e-06 -3.69659664725401e-06 -2.00936018051389e-06 3.35559772941641e-06 5.61633932265418e-05 9.6188959704102e-07 1.31152903936511e-08 -4.96439717754741e-06 -4.11350427530448e-06
covarPC_4 -1.80251572264634e-06 5.55529531292275e-06 3.05107651063394e-06 -2.48293710954247e-06 9.6188959704102e-07 6.10211693630252e-05 6.53395230815022e-08 1.70124660666246e-06 1.6954870010056e-06
proband 1.66164459148318e-06 -7.61255470861688e-07 1.06002956486171e-06 -9.33820128020339e-07 1.31152903936511e-08 6.53395230815022e-08 0.00015822947486298 -0.000104089584994469 -9.48100409998399e-05
paternal -1.8335810423428e-06 -2.3424263411629e-07 -2.58907397698827e-06 2.12525131060597e-06 -4.96439717754741e-06 1.70124660666246e-06 -0.000104089584994469 0.000269547183367443 -6.02413478818956e-05
maternal 6.46862943064662e-07 2.82191177786725e-07 3.43693860568283e-06 -2.5493591021381e-06 -4.11350427530448e-06 1.6954870010056e-06 -9.48100409998399e-05 -6.02413478818956e-05 0.000250031963358217
