(Intercept) covarage covarsex covarage_sex covarPC_3 covarPC_4 proband
(Intercept) 6.71081761099754e-05 -9.00699991757395e-06 3.92120110133004e-05 -3.48020084362218e-05 2.19881673447252e-06 -1.79282347506528e-06 1.07097031843392e-06
covarage -9.00699991757395e-06 0.000185726284835668 0.000286836067314433 -0.000293777304315756 -3.69494374447197e-06 5.55520462911072e-06 -7.35844778700368e-07
covarsex 3.92120110133004e-05 0.000286836067314433 0.000933005718064115 -0.000894683316061469 -1.99008889636362e-06 3.04374989309759e-06 1.48509724376273e-06
covarage_sex -3.48020084362218e-05 -0.000293777304315756 -0.000894683316061469 0.000912453751832254 3.34553335881142e-06 -2.47904008673162e-06 -1.14658443657365e-06
covarPC_3 2.19881673447252e-06 -3.69494374447197e-06 -1.99008889636362e-06 3.34553335881142e-06 5.59551527011358e-05 1.0381835725442e-06 -4.51097312056123e-06
covarPC_4 -1.79282347506528e-06 5.55520462911072e-06 3.04374989309759e-06 -2.47904008673162e-06 1.0381835725442e-06 6.09908394719443e-05 1.75862339311085e-06
proband 1.07097031843392e-06 -7.35844778700368e-07 1.48509724376273e-06 -1.14658443657365e-06 -4.51097312056123e-06 1.75862339311085e-06 5.91017183999819e-05
