(Intercept) covarage covarsex covarpcs.V3 covarpcs.V4 proband paternal maternal
(Intercept) 0.000515755132670471 0.000144502963751629 8.48253886618291e-06 1.77259769858247e-05 7.4494046828329e-06 -2.08273698436113e-07 -1.35930748720932e-05 1.1161740025816e-05
covarage 0.000144502963751629 0.000528136954460036 2.30510169666531e-05 7.96198295636857e-06 2.34462852013409e-05 6.08412760724514e-06 1.00813421730312e-05 -1.25943042762828e-05
covarsex 8.48253886618291e-06 2.30510169666531e-05 0.000409862736349833 -8.3847804606376e-06 4.26842408942979e-06 3.53882232587448e-06 -2.83067410997814e-06 -4.04182938467228e-06
covarpcs.V3 1.77259769858247e-05 7.96198295636857e-06 -8.3847804606376e-06 0.000467156534180555 3.75505096079266e-05 -5.10504653281805e-06 -2.11650164454015e-05 -2.25293795237688e-05
covarpcs.V4 7.4494046828329e-06 2.34462852013409e-05 4.26842408942979e-06 3.75505096079266e-05 0.000444491500486589 3.81778267841139e-06 2.93266382142072e-05 2.02823585908184e-05
proband -2.08273698436113e-07 6.08412760724514e-06 3.53882232587448e-06 -5.10504653281805e-06 3.81778267841139e-06 0.000997311240008056 -0.000600282834062454 -0.00054856092381896
paternal -1.35930748720932e-05 1.00813421730312e-05 -2.83067410997814e-06 -2.11650164454015e-05 2.93266382142072e-05 -0.000600282834062454 0.00123996848506021 5.93352459435263e-07
maternal 1.1161740025816e-05 -1.25943042762828e-05 -4.04182938467228e-06 -2.25293795237688e-05 2.02823585908184e-05 -0.00054856092381896 5.93352459435263e-07 0.00111405283817003
