(Intercept) covarage covarsex covarpcs.V3 covarpcs.V4 proband
(Intercept) 0.000534191913008473 0.000159992898624222 1.03433534959782e-05 1.61507418258332e-05 1.2723097220052e-05 -1.82598425650125e-06
covarage 0.000159992898624222 0.000544969941261878 2.48263115794018e-05 6.75879639950076e-06 2.83854816109159e-05 5.52270441759329e-06
covarsex 1.03433534959782e-05 2.48263115794018e-05 0.000421695488140244 -8.03258489069336e-06 6.6610324076979e-06 4.08884605004478e-07
covarpcs.V3 1.61507418258332e-05 6.75879639950076e-06 -8.03258489069336e-06 0.000483967822254405 4.39128692359846e-05 -2.61739129242999e-05
covarpcs.V4 1.2723097220052e-05 2.83854816109159e-05 6.6610324076979e-06 4.39128692359846e-05 0.000461099657759192 2.87436358813633e-05
proband -1.82598425650125e-06 5.52270441759329e-06 4.08884605004478e-07 -2.61739129242999e-05 2.87436358813633e-05 0.000448792188605924
