(Intercept) covarage covarsex covarpcs.V3 covarpcs.V4 proband paternal maternal
(Intercept) 0.000534489923571989 0.000159747349312067 1.03325736354047e-05 1.60702108026824e-05 1.27088710997128e-05 -2.52616770336832e-06 -1.16665558142456e-05 1.34549989640558e-05
covarage 0.000159747349312067 0.00054521203943632 2.48468198816479e-05 6.80100104958482e-06 2.84742305686173e-05 4.04542425459807e-06 1.22023771770155e-05 -1.0038539018201e-05
covarsex 1.03325736354047e-05 2.48468198816479e-05 0.00042174423515503 -7.93253101745128e-06 6.58189387807101e-06 1.95665439226293e-06 -7.93554781541924e-07 -2.83567417538031e-06
covarpcs.V3 1.60702108026824e-05 6.80100104958482e-06 -7.93253101745128e-06 0.000484830048873966 4.30040045750224e-05 -4.10544217403673e-06 -2.17898716574447e-05 -2.32281380361262e-05
covarpcs.V4 1.27088710997128e-05 2.84742305686173e-05 6.58189387807101e-06 4.30040045750224e-05 0.000462220566392708 3.91171798242215e-06 2.98660822333923e-05 2.07364766746745e-05
proband -2.52616770336832e-06 4.04542425459807e-06 1.95665439226293e-06 -4.10544217403673e-06 3.91171798242215e-06 0.00102553967277647 -0.000616869904985308 -0.000562150405621318
paternal -1.16665558142456e-05 1.22023771770155e-05 -7.93554781541924e-07 -2.17898716574447e-05 2.98660822333923e-05 -0.000616869904985308 0.0012622168980013 9.69796954692468e-06
maternal 1.34549989640558e-05 -1.0038539018201e-05 -2.83567417538031e-06 -2.32281380361262e-05 2.07364766746745e-05 -0.000562150405621318 9.69796954692468e-06 0.00112864538423443
