(Intercept) covarage covarsex covarpcs.V3 covarpcs.V4 proband paternal maternal
(Intercept) 0.000534486705814323 0.000159745452591443 1.03328321127937e-05 1.60698690060331e-05 1.27084403932408e-05 -2.52497296500018e-06 -1.16677976941257e-05 1.34548926955529e-05
covarage 0.000159745452591443 0.000545209998254716 2.48465587024844e-05 6.8006139801027e-06 2.84738440445604e-05 4.04648452514188e-06 1.22015825361746e-05 -1.00386506699795e-05
covarsex 1.03328321127937e-05 2.48465587024844e-05 0.000421743713910416 -7.93262312882321e-06 6.58198770167121e-06 1.95662772267175e-06 -7.94201040687876e-07 -2.83489202652231e-06
covarpcs.V3 1.60698690060331e-05 6.8006139801027e-06 -7.93262312882321e-06 0.000484828508862182 4.30037316644425e-05 -4.10646144016156e-06 -2.17899198205555e-05 -2.3226845972234e-05
covarpcs.V4 1.27084403932408e-05 2.84738440445604e-05 6.58198770167121e-06 4.30037316644425e-05 0.000462218729617261 3.91190848361495e-06 2.98657336722785e-05 2.07363420472368e-05
proband -2.52497296500018e-06 4.04648452514188e-06 1.95662772267175e-06 -4.10646144016156e-06 3.91190848361495e-06 0.00102553606298665 -0.000616863771307372 -0.000562151049615974
paternal -1.16677976941257e-05 1.22015825361746e-05 -7.94201040687876e-07 -2.17899198205555e-05 2.98657336722785e-05 -0.000616863771307372 0.00126220733678226 9.6974270252396e-06
maternal 1.34548926955529e-05 -1.00386506699795e-05 -2.83489202652231e-06 -2.3226845972234e-05 2.07363420472368e-05 -0.000562151049615974 9.6974270252396e-06 0.00112864688756382
