(Intercept) covarage covarsex covarpcs.V3 covarpcs.V4 proband
(Intercept) 0.000515443468057108 0.000144746685339978 8.47591156006597e-06 1.77314905648363e-05 7.54948600343668e-06 -1.63571086146785e-06
covarage 0.000144746685339978 0.000527859392605887 2.30300285072501e-05 7.83447013640278e-06 2.34562994750836e-05 5.30838324566453e-06
covarsex 8.47591156006597e-06 2.30300285072501e-05 0.000409790404959279 -8.54291953784472e-06 4.41882941177067e-06 4.51981190427218e-07
covarpcs.V3 1.77314905648363e-05 7.83447013640278e-06 -8.54291953784472e-06 0.00046630427043842 3.84450006262911e-05 -2.64499657676466e-05
covarpcs.V4 7.54948600343668e-06 2.34562994750836e-05 4.41882941177067e-06 3.84450006262911e-05 0.000443372309523602 2.81075453599322e-05
proband -1.63571086146785e-06 5.30838324566453e-06 4.51981190427218e-07 -2.64499657676466e-05 2.81075453599322e-05 0.000436894991681646
