(Intercept) covarage covarsex covarage_sex covarPC_3 covarPC_4 proband
(Intercept) 0.00704343339853102 0.00606579180148664 0.00193466847063375 -0.004966468869117 0.000201529392318874 6.9154121033268e-05 0.000159201041510681
covarage 0.00606579180148664 0.00905327841716564 0.00688596108120989 -0.0146053370441882 5.43738244564467e-05 4.09947780445677e-05 1.57342388523262e-05
covarsex 0.00193466847063375 0.00688596108120989 0.00956066943741552 -0.0173578246047538 -3.9378240264556e-05 3.3242832575051e-05 4.01420231485724e-05
covarage_sex -0.004966468869117 -0.0146053370441882 -0.0173578246047538 0.0354746470450372 6.21417012102165e-05 2.01228786028321e-05 7.6251788789446e-07
covarPC_3 0.000201529392318874 5.43738244564467e-05 -3.9378240264556e-05 6.21417012102165e-05 0.00120683731208026 4.36651823412853e-05 8.17998882063224e-05
covarPC_4 6.9154121033268e-05 4.09947780445677e-05 3.3242832575051e-05 2.01228786028321e-05 4.36651823412853e-05 0.00121174877223652 8.30028903683524e-06
proband 0.000159201041510681 1.57342388523262e-05 4.01420231485724e-05 7.6251788789446e-07 8.17998882063224e-05 8.30028903683524e-06 0.000986513687559844
