(Intercept) covarage covarsex covarage_sex covarPC_3 covarPC_4 proband
(Intercept) 0.000253986735580153 1.91217692118083e-05 -1.33338571170254e-05 0.000124899956895879 3.92046850384211e-05 4.82257757601105e-06 3.62294671792736e-05
covarage 1.91217692118083e-05 0.000373491495749592 0.000541176822518151 -0.000598384445479385 -2.72088274024016e-06 1.58386297377105e-05 -1.20740913778156e-06
covarsex -1.33338571170254e-05 0.000541176822518151 0.00201206288598949 -0.00215195055815495 -1.14186723665342e-05 1.26056877584243e-05 1.19497566146456e-05
covarage_sex 0.000124899956895879 -0.000598384445479385 -0.00215195055815495 0.00256885305813675 1.89369954598834e-05 -9.55459071149883e-06 -4.74892031040324e-06
covarPC_3 3.92046850384211e-05 -2.72088274024016e-06 -1.14186723665342e-05 1.89369954598834e-05 0.000190963088290778 1.32806976501393e-05 1.72227814268665e-05
covarPC_4 4.82257757601105e-06 1.58386297377105e-05 1.26056877584243e-05 -9.55459071149883e-06 1.32806976501393e-05 0.000211286300032262 3.37834527460763e-06
proband 3.62294671792736e-05 -1.20740913778156e-06 1.19497566146456e-05 -4.74892031040324e-06 1.72227814268665e-05 3.37834527460763e-06 0.00019422131887835
