(Intercept) covarage covarsex covarage_sex covarPC_3 covarPC_4 proband
(Intercept) 0.000253986731525538 1.91217684842677e-05 -1.3333856938104e-05 0.000124899956726122 3.92046848670151e-05 4.8225774878706e-06 3.62294670048548e-05
covarage 1.91217684842677e-05 0.000373491486741849 0.000541176811081514 -0.000598384432976255 -2.72088244018728e-06 1.58386293773452e-05 -1.2074089552647e-06
covarsex -1.3333856938104e-05 0.000541176811081514 0.002012062857224 -0.0021519505288789 -1.14186722493209e-05 1.26056873892282e-05 1.19497563290343e-05
covarage_sex 0.000124899956726122 -0.000598384432976255 -0.0021519505288789 0.00256885302546515 1.89369950399155e-05 -9.5545903975464e-06 -4.74892044490984e-06
covarPC_3 3.92046848670151e-05 -2.72088244018728e-06 -1.14186722493209e-05 1.89369950399155e-05 0.000190963083515536 1.32806974540394e-05 1.72227809881499e-05
covarPC_4 4.8225774878706e-06 1.58386293773452e-05 1.26056873892282e-05 -9.5545903975464e-06 1.32806974540394e-05 0.000211286294794057 3.3783452176356e-06
proband 3.62294670048548e-05 -1.2074089552647e-06 1.19497563290343e-05 -4.74892044490984e-06 1.72227809881499e-05 3.3783452176356e-06 0.000194221315158148
