(Intercept) covarage covarsex covarage_sex covarPC_3 covarPC_4 proband paternal maternal
(Intercept) 0.00025507253218527 1.87908376686982e-05 -1.28761140370009e-05 0.000124543733852072 4.00531486121742e-05 5.10162725939756e-06 1.98184614864199e-05 6.69688386252192e-06 2.56106509914476e-05
covarage 1.87908376686982e-05 0.000373647515336822 0.000541008628389758 -0.000598238501408414 -2.82281807702218e-06 1.57698020363205e-05 1.56467110138496e-06 4.00894043166342e-06 -9.58002621533195e-06
covarsex -1.28761140370009e-05 0.000541008628389758 0.00201269773263004 -0.00215254727653852 -1.10739886479375e-05 1.27757963815346e-05 5.60339372247853e-06 3.92419788040619e-07 1.2342646598983e-05
covarage_sex 0.000124543733852072 -0.000598238501408414 -0.00215254727653852 0.00256945440776563 1.86454335051532e-05 -9.69339344049638e-06 3.41155150518154e-07 -6.38303198585975e-07 -9.67774409523432e-06
covarPC_3 4.00531486121742e-05 -2.82281807702218e-06 -1.10739886479375e-05 1.86454335051532e-05 0.000191938460675082 1.36627765222953e-05 -3.93854661310002e-07 1.80833990316756e-05 1.66868455674876e-05
covarPC_4 5.10162725939756e-06 1.57698020363205e-05 1.27757963815346e-05 -9.69339344049638e-06 1.36627765222953e-05 0.000211655809783952 -1.15253764388791e-06 3.53470904229305e-06 5.38330344421264e-06
proband 1.98184614864199e-05 1.56467110138496e-06 5.60339372247853e-06 3.41155150518154e-07 -3.93854661310002e-07 -1.15253764388791e-06 0.000539661569908309 -0.000355741142432589 -0.000324752733143416
paternal 6.69688386252192e-06 4.00894043166342e-06 3.92419788040619e-07 -6.38303198585975e-07 1.80833990316756e-05 3.53470904229305e-06 -0.000355741142432589 0.000727443735569372 -2.92535960837703e-05
maternal 2.56106509914476e-05 -9.58002621533195e-06 1.2342646598983e-05 -9.67774409523432e-06 1.66868455674876e-05 5.38330344421264e-06 -0.000324752733143416 -2.92535960837703e-05 0.000671994050991765
