(Intercept) covarage covarsex covarage_sex covarPC_3 covarPC_4 proband
(Intercept) 0.000473020413851716 0.000398219755962061 0.000216383346630897 -0.000429110073533951 2.19181589626974e-05 1.7292621163005e-05 1.42216011296942e-05
covarage 0.000398219755962061 0.00111070670232495 0.00123363352854641 -0.00178840406874891 3.65497093730116e-06 2.65139441181209e-05 3.47558832777812e-06
covarsex 0.000216383346630897 0.00123363352854641 0.0024222775514546 -0.00298494443296862 -4.09077109141481e-06 1.93861474857264e-05 1.77456283967897e-05
covarage_sex -0.000429110073533951 -0.00178840406874891 -0.00298494443296862 0.00422564500034099 8.18718550445759e-06 -1.56825499591919e-05 -1.30864477349507e-05
covarPC_3 2.19181589626974e-05 3.65497093730116e-06 -4.09077109141481e-06 8.18718550445759e-06 0.000299197026675176 1.20565700292126e-05 2.30043544724554e-05
covarPC_4 1.7292621163005e-05 2.65139441181209e-05 1.93861474857264e-05 -1.56825499591919e-05 1.20565700292126e-05 0.000315223708379091 2.87800554107296e-06
proband 1.42216011296942e-05 3.47558832777812e-06 1.77456283967897e-05 -1.30864477349507e-05 2.30043544724554e-05 2.87800554107296e-06 0.000280801035700804
