(Intercept) covarage covarsex covarage_sex covarPC_3 covarPC_4 proband
(Intercept) 0.000124149241242153 3.3243744367731e-05 1.67711299563675e-05 -3.71443622709474e-05 1.31801109709572e-05 -1.03790953569987e-06 7.13981865358876e-06
covarage 3.3243744367731e-05 0.000359886907320267 0.000505084982038286 -0.000576631184926839 -1.29414273837176e-06 9.67775595980305e-06 -1.60955373643765e-07
covarsex 1.67711299563675e-05 0.000505084982038286 0.00122879626694996 -0.00127566261735721 -4.08975183766096e-06 6.60015111587791e-06 5.03745066628697e-06
covarage_sex -3.71443622709474e-05 -0.000576631184926839 -0.00127566261735721 0.00146792610340228 5.50293709406023e-06 -4.68715458470398e-06 -2.61548786223687e-06
covarPC_3 1.31801109709572e-05 -1.29414273837176e-06 -4.08975183766096e-06 5.50293709406023e-06 0.000114320991842798 4.90848167179893e-06 9.48268365872302e-06
covarPC_4 -1.03790953569987e-06 9.67775595980305e-06 6.60015111587791e-06 -4.68715458470398e-06 4.90848167179893e-06 0.000124760970860466 1.87884355172249e-06
proband 7.13981865358876e-06 -1.60955373643765e-07 5.03745066628697e-06 -2.61548786223687e-06 9.48268365872302e-06 1.87884355172249e-06 0.000116536738899737
