(Intercept) covarage covarsex covarage_sex covarPC_3 covarPC_4 proband
(Intercept) 0.000431719774868412 -7.92607234721581e-05 0.000553654062694037 -0.000397490680871714 -8.31126275996109e-07 2.50285154813131e-06 4.19923830914926e-05
covarage -7.92607234721581e-05 0.000587007261308725 0.000969673754130298 -0.000937365199450038 -1.78329827111437e-05 1.59975099852652e-05 -1.17697215072459e-05
covarsex 0.000553654062694037 0.000969673754130298 0.00496109284331069 -0.00448725908561484 -1.01134190015384e-05 1.33071212797025e-05 8.56743420187683e-06
covarage_sex -0.000397490680871714 -0.000937365199450038 -0.00448725908561484 0.00429927770666179 1.4559907470983e-05 -1.01201759907856e-05 -6.96342628907696e-07
covarPC_3 -8.31126275996109e-07 -1.78329827111437e-05 -1.01134190015384e-05 1.4559907470983e-05 0.000228180136298299 3.66880463127641e-06 2.19435113837029e-05
covarPC_4 2.50285154813131e-06 1.59975099852652e-05 1.33071212797025e-05 -1.01201759907856e-05 3.66880463127641e-06 0.000249304294525143 1.47441912676775e-06
proband 4.19923830914926e-05 -1.17697215072459e-05 8.56743420187683e-06 -6.96342628907696e-07 2.19435113837029e-05 1.47441912676775e-06 0.000253684292791317
