(Intercept) covarage covarsex covarage_sex covarPC_3 covarPC_4 proband
(Intercept) 9.53998533127647e-05 3.27145728815177e-05 -7.94369675016979e-07 -2.30284424445466e-05 5.24215951890355e-06 1.29601668704291e-06 6.32371797925443e-06
covarage 3.27145728815177e-05 0.000241566499214989 0.000327110349150372 -0.000386764671474396 -1.93035650509731e-06 7.51773656166952e-06 2.14397918418716e-07
covarsex -7.94369675016979e-07 0.000327110349150372 0.000736103212076101 -0.000776039847021563 -4.00499580173339e-06 4.15878626858712e-06 1.91265530753084e-06
covarage_sex -2.30284424445466e-05 -0.000386764671474396 -0.000776039847021563 0.000934538780865643 5.64108649447157e-06 -3.0103148155291e-06 -7.88255943517216e-07
covarPC_3 5.24215951890355e-06 -1.93035650509731e-06 -4.00499580173339e-06 5.64108649447157e-06 8.28757199652183e-05 3.04357073638204e-06 6.86167360546752e-06
covarPC_4 1.29601668704291e-06 7.51773656166952e-06 4.15878626858712e-06 -3.0103148155291e-06 3.04357073638204e-06 8.8119570216612e-05 1.11078598834656e-06
proband 6.32371797925443e-06 2.14397918418716e-07 1.91265530753084e-06 -7.88255943517216e-07 6.86167360546752e-06 1.11078598834656e-06 8.22189982869514e-05
