(Intercept) covarage covarsex covarage_sex covarPC_3 covarPC_4 proband
(Intercept) 9.53998533525284e-05 3.27145728907584e-05 -7.94369675682317e-07 -2.30284424449046e-05 5.24215951879586e-06 1.29601668778025e-06 6.32371797947448e-06
covarage 3.27145728907584e-05 0.000241566499288584 0.000327110349235504 -0.000386764671570188 -1.9303565058358e-06 7.51773656410888e-06 2.14397918667629e-07
covarsex -7.94369675682317e-07 0.000327110349235504 0.000736103212294791 -0.000776039847247102 -4.00499580267678e-06 4.15878627064805e-06 1.91265530897768e-06
covarage_sex -2.30284424449046e-05 -0.000386764671570188 -0.000776039847247102 0.000934538781125646 5.64108649548926e-06 -3.01031481709426e-06 -7.88255944746085e-07
covarPC_3 5.24215951879586e-06 -1.9303565058358e-06 -4.00499580267678e-06 5.64108649548926e-06 8.28757200045048e-05 3.04357073798283e-06 6.86167360799111e-06
covarPC_4 1.29601668778025e-06 7.51773656410888e-06 4.15878627064805e-06 -3.01031481709426e-06 3.04357073798283e-06 8.8119570260137e-05 1.11078598865331e-06
proband 6.32371797947448e-06 2.14397918667629e-07 1.91265530897768e-06 -7.88255944746085e-07 6.86167360799111e-06 1.11078598865331e-06 8.22189983177529e-05
