(Intercept) covarage covarsex covarage_sex covarPC_3 covarPC_4 proband
(Intercept) 7.20555950913131e-05 1.35357954625789e-05 3.33560672230424e-06 -7.95848687084741e-07 2.61380015986372e-07 1.53121062318561e-06 5.8867006958638e-07
covarage 1.35357954625789e-05 0.000209862229395315 0.000299136191424735 -0.00033280481820386 -4.33416183957054e-06 9.32597599476266e-06 -6.97718245611779e-07
covarsex 3.33560672230424e-06 0.000299136191424735 0.000772071143340383 -0.000806167852018992 -5.51286344417022e-06 5.4796859223609e-06 4.37596251581105e-06
covarage_sex -7.95848687084741e-07 -0.00033280481820386 -0.000806167852018992 0.000922207571071013 9.03474010255932e-06 -4.25774549586886e-06 -6.90731433460301e-07
covarPC_3 2.61380015986372e-07 -4.33416183957054e-06 -5.51286344417022e-06 9.03474010255932e-06 6.47149669253583e-05 2.85304356631092e-06 6.11447356614005e-06
covarPC_4 1.53121062318561e-06 9.32597599476266e-06 5.4796859223609e-06 -4.25774549586886e-06 2.85304356631092e-06 7.38010898641482e-05 2.96308720995302e-07
proband 5.8867006958638e-07 -6.97718245611779e-07 4.37596251581105e-06 -6.90731433460301e-07 6.11447356614005e-06 2.96308720995302e-07 6.96092349099429e-05
