(Intercept) covarage covarsex covarage_sex covarPC_3 covarPC_4 proband
(Intercept) 7.20555947179993e-05 1.35357953795031e-05 3.3356067265374e-06 -7.95848698390932e-07 2.61380014747309e-07 1.53121061667589e-06 5.8867006697127e-07
covarage 1.35357953795031e-05 0.000209862228586095 0.00029913619038799 -0.000332804817057038 -4.33416182657505e-06 9.32597595782514e-06 -6.97718246226835e-07
covarsex 3.3356067265374e-06 0.00029913619038799 0.000772071140585991 -0.000806167849167771 -5.51286342815752e-06 5.47968590227268e-06 4.37596249888104e-06
covarage_sex -7.95848698390932e-07 -0.000332804817057038 -0.000806167849167771 0.000922207567834487 9.0347400795713e-06 -4.2577454832713e-06 -6.90731420269121e-07
covarPC_3 2.61380014747309e-07 -4.33416182657505e-06 -5.51286342815752e-06 9.0347400795713e-06 6.47149665890097e-05 2.85304355058079e-06 6.11447354173205e-06
covarPC_4 1.53121061667589e-06 9.32597595782514e-06 5.47968590227268e-06 -4.2577454832713e-06 2.85304355058079e-06 7.38010894803149e-05 2.96308718061405e-07
proband 5.8867006697127e-07 -6.97718246226835e-07 4.37596249888104e-06 -6.90731420269121e-07 6.11447354173205e-06 2.96308718061405e-07 6.96092346162064e-05
