(Intercept) covarage covarsex covarage_sex covarPC_3 covarPC_4 proband paternal maternal
(Intercept) 7.2183232253944e-05 1.35142207554323e-05 3.45648537891903e-06 -8.86589489505765e-07 4.4384459502215e-07 1.54419090482411e-06 -2.83864271706187e-06 1.96623641074886e-06 4.93597328741917e-06
covarage 1.35142207554323e-05 0.000209908192776692 0.000299178242606373 -0.000332856486268321 -4.37585260661942e-06 9.32744684271841e-06 2.83360742661802e-08 -6.14758421800209e-07 -8.30135519619659e-07
covarsex 3.45648537891903e-06 0.000299178242606373 0.000772366553053671 -0.00080643663679374 -5.36708753710244e-06 5.50017515713112e-06 1.56793235586363e-06 -3.60641051129068e-07 6.06300359822455e-06
covarage_sex -8.86589489505765e-07 -0.000332856486268321 -0.00080643663679374 0.000922466118071908 8.93806459606566e-06 -4.27668901822244e-06 1.16994225554021e-06 1.05030195550668e-06 -4.87869118782915e-06
covarPC_3 4.4384459502215e-07 -4.37585260661942e-06 -5.36708753710244e-06 8.93806459606566e-06 6.50698647885601e-05 2.87604262631823e-06 -3.25110169175385e-07 6.80487472416881e-06 6.13412005553008e-06
covarPC_4 1.54419090482411e-06 9.32744684271841e-06 5.50017515713112e-06 -4.27668901822244e-06 2.87604262631823e-06 7.38152897556779e-05 -1.35484431864025e-07 4.19098363807925e-07 4.54155564399501e-07
proband -2.83864271706187e-06 2.83360742661802e-08 1.56793235586363e-06 1.16994225554021e-06 -3.25110169175385e-07 -1.35484431864025e-07 0.00018967353902228 -0.000125724140108468 -0.000115560830189519
paternal 1.96623641074886e-06 -6.14758421800209e-07 -3.60641051129068e-07 1.05030195550668e-06 6.80487472416881e-06 4.19098363807925e-07 -0.000125724140108468 0.000272288101562162 -2.09958787126919e-05
maternal 4.93597328741917e-06 -8.30135519619659e-07 6.06300359822455e-06 -4.87869118782915e-06 6.13412005553008e-06 4.54155564399501e-07 -0.000115560830189519 -2.09958787126919e-05 0.000254614618564438
