(Intercept) covarage covarsex covarage_sex covarPC_3 covarPC_4 proband
(Intercept) 6.72612267617176e-05 -9.16385219526434e-06 3.93248297923772e-05 -3.48575351985512e-05 2.47758296645374e-06 -1.80416506266703e-06 2.42779689828472e-06
covarage -9.16385219526434e-06 0.00018618744687172 0.000287246823405273 -0.000294232178864636 -3.98680692837952e-06 5.5638554222098e-06 -2.9234612648813e-06
covarsex 3.93248297923772e-05 0.000287246823405273 0.000934917664613938 -0.000896426464235085 -1.59272103899268e-06 3.08861608027619e-06 3.60912753932849e-06
covarage_sex -3.48575351985512e-05 -0.000294232178864636 -0.000896426464235085 0.000914134821806998 3.10508481035747e-06 -2.50891689360344e-06 -2.10722388793766e-06
covarPC_3 2.47758296645374e-06 -3.98680692837952e-06 -1.59272103899268e-06 3.10508481035747e-06 5.60566379332875e-05 1.2419494663065e-06 4.89123515108247e-06
covarPC_4 -1.80416506266703e-06 5.5638554222098e-06 3.08861608027619e-06 -2.50891689360344e-06 1.2419494663065e-06 6.10657526973729e-05 4.36729292374125e-07
proband 2.42779689828472e-06 -2.9234612648813e-06 3.60912753932849e-06 -2.10722388793766e-06 4.89123515108247e-06 4.36729292374125e-07 5.94122691276173e-05
