(Intercept) covarage covarsex covarage_sex covarPC_3 covarPC_4 proband paternal maternal
(Intercept) 6.73675500190759e-05 -9.20769831531857e-06 3.94248644572248e-05 -3.49446974998006e-05 2.60943903370826e-06 -1.76704415415387e-06 -1.07916309819249e-07 1.87099608340415e-07 4.9860886332845e-06
covarage -9.20769831531857e-06 0.000186214396502349 0.000287212201562975 -0.000294203846747585 -4.01307496258838e-06 5.55551719898433e-06 -2.44067482524422e-06 1.43942865469437e-06 -2.42921820322467e-06
covarsex 3.94248644572248e-05 0.000287212201562975 0.000935022751230594 -0.000896519569783016 -1.44347325162763e-06 3.12834807706386e-06 7.30160618230658e-07 1.488100977344e-06 4.38857822555351e-06
covarage_sex -3.49446974998006e-05 -0.000294203846747585 -0.000896519569783016 0.000914218351832555 2.96961315394306e-06 -2.54466695902565e-06 5.06590025441335e-07 -1.59183743353067e-06 -3.74269761296135e-06
covarPC_3 2.60943903370826e-06 -4.01307496258838e-06 -1.44347325162763e-06 2.96961315394306e-06 5.63161098173438e-05 1.31102484879226e-06 -1.66527512498807e-07 5.30910950653099e-06 4.98477213438406e-06
covarPC_4 -1.76704415415387e-06 5.55551719898433e-06 3.12834807706386e-06 -2.54466695902565e-06 1.31102484879226e-06 6.10852176127751e-05 -9.03606974523778e-07 1.20851893245255e-06 1.52091663134004e-06
proband -1.07916309819249e-07 -2.44067482524422e-06 7.30160618230658e-07 5.06590025441335e-07 -1.66527512498807e-07 -9.03606974523778e-07 0.000158130213975629 -0.000105011066983777 -9.58935835431925e-05
paternal 1.87099608340415e-07 1.43942865469437e-06 1.488100977344e-06 -1.59183743353067e-06 5.30910950653099e-06 1.20851893245255e-06 -0.000105011066983777 0.000267879074943679 -5.49443980920251e-05
maternal 4.9860886332845e-06 -2.42921820322467e-06 4.38857822555351e-06 -3.74269761296135e-06 4.98477213438406e-06 1.52091663134004e-06 -9.58935835431925e-05 -5.49443980920251e-05 0.000250888327877179
