(Intercept) covarage covarsex covarage_sex covarPC_3 covarPC_4 proband
(Intercept) 0.000320329432373295 0.000261496777556905 0.000114163730246566 -0.000324720280978854 2.31601291885308e-05 2.57168248949932e-06 1.47505649592054e-05
covarage 0.000261496777556905 0.00107674877953471 0.00133539375097171 -0.00173400246860638 1.30627019958833e-06 1.52174752839433e-05 1.42666358847835e-06
covarsex 0.000114163730246566 0.00133539375097171 0.00229995021943519 -0.00264548352160574 -7.33027349144284e-06 1.14623751111741e-05 8.76734311238329e-06
covarage_sex -0.000324720280978854 -0.00173400246860638 -0.00264548352160574 0.00345009194530138 9.59942271048905e-06 -9.23264321709261e-06 -6.47145169915817e-06
covarPC_3 2.31601291885308e-05 1.30627019958833e-06 -7.33027349144284e-06 9.59942271048905e-06 0.000178975069695291 8.28737469248632e-06 1.42227479007494e-05
covarPC_4 2.57168248949932e-06 1.52174752839433e-05 1.14623751111741e-05 -9.23264321709261e-06 8.28737469248632e-06 0.00018914434294303 1.61203780379805e-06
proband 1.47505649592054e-05 1.42666358847835e-06 8.76734311238329e-06 -6.47145169915817e-06 1.42227479007494e-05 1.61203780379805e-06 0.000168785529657553
