(Intercept) covarage covarsex covarage_sex covarPC_3 covarPC_4 proband
(Intercept) 0.00702474007072223 0.00604109262333751 0.00192762420449995 -0.00493984435527791 0.00018652579339719 7.84205241421306e-05 0.000192255639872632
covarage 0.00604109262333751 0.00901791551451925 0.00686579155552008 -0.0145465196515395 5.09001420988795e-05 4.63596524002216e-05 4.08058033127925e-05
covarsex 0.00192762420449995 0.00686579155552008 0.00954358645877269 -0.0173056598259551 -4.58031988688755e-05 3.50190242923864e-05 5.22621178693586e-05
covarage_sex -0.00493984435527791 -0.0145465196515395 -0.0173056598259551 0.0353393935778515 6.34726285377325e-05 1.70651331179681e-05 -1.73038273679435e-05
covarPC_3 0.00018652579339719 5.09001420988795e-05 -4.58031988688755e-05 6.34726285377325e-05 0.00120304617639321 3.78784775781268e-05 1.12049087588683e-06
covarPC_4 7.84205241421306e-05 4.63596524002216e-05 3.50190242923864e-05 1.70651331179681e-05 3.78784775781268e-05 0.0012137207430838 3.32848128408051e-05
proband 0.000192255639872632 4.08058033127925e-05 5.22621178693586e-05 -1.73038273679435e-05 1.12049087588683e-06 3.32848128408051e-05 0.000960108923631052
