(Intercept) covarage covarsex covarage_sex covarPC_3 covarPC_4 proband
(Intercept) 0.000258084779162882 1.91985656363787e-05 -1.45148424397355e-05 0.000126762357631341 3.70248785884312e-05 5.39464464327955e-06 4.51658167489061e-05
covarage 1.91985656363787e-05 0.00037645395844036 0.000545739951393696 -0.000603383423642128 -3.20866531152474e-06 1.54506887641277e-05 -5.16369104705455e-07
covarsex -1.45148424397355e-05 0.000545739951393696 0.00202469454073479 -0.00216668531903183 -1.35454540352567e-05 1.19182412813399e-05 7.96356325166422e-06
covarage_sex 0.000126762357631341 -0.000603383423642128 -0.00216668531903183 0.00258646026907406 2.07762435630692e-05 -8.74477496320098e-06 -1.39361334605219e-07
covarPC_3 3.70248785884312e-05 -3.20866531152474e-06 -1.35454540352567e-05 2.07762435630692e-05 0.000190006433569258 1.19714291884169e-05 4.05701085510963e-06
covarPC_4 5.39464464327955e-06 1.54506887641277e-05 1.19182412813399e-05 -8.74477496320098e-06 1.19714291884169e-05 0.000210885643938907 6.50093514475841e-06
proband 4.51658167489061e-05 -5.16369104705455e-07 7.96356325166422e-06 -1.39361334605219e-07 4.05701085510963e-06 6.50093514475841e-06 0.000193159146986309
