(Intercept) covarage covarsex covarage_sex covarPC_3 covarPC_4 proband
(Intercept) 9.54283068328078e-05 3.27998212171303e-05 -8.40438458135799e-07 -2.29881702365057e-05 4.78170266186657e-06 1.42566694540061e-06 6.33785784622827e-06
covarage 3.27998212171303e-05 0.00024195352796225 0.000327625601238521 -0.000387369711793688 -2.03208168865592e-06 7.4902595127257e-06 7.23618121547232e-07
covarsex -8.40438458135799e-07 0.000327625601238521 0.000736946154674099 -0.000777069950080635 -4.29709364789943e-06 4.07108407442793e-06 9.34206794724481e-07
covarage_sex -2.29881702365057e-05 -0.000387369711793688 -0.000777069950080635 0.00093580292618562 5.87979259321988e-06 -2.89097431462366e-06 2.29617012995622e-07
covarPC_3 4.78170266186657e-06 -2.03208168865592e-06 -4.29709364789943e-06 5.87979259321988e-06 8.23676351687124e-05 2.78791785205398e-06 9.07823662519625e-07
covarPC_4 1.42566694540061e-06 7.4902595127257e-06 4.07108407442793e-06 -2.89097431462366e-06 2.78791785205398e-06 8.80421647359961e-05 3.0047780649204e-06
proband 6.33785784622827e-06 7.23618121547232e-07 9.34206794724481e-07 2.29617012995622e-07 9.07823662519625e-07 3.0047780649204e-06 8.17226169981004e-05
