(Intercept) covarage covarsex covarage_sex covarPC_3 covarPC_4 proband
(Intercept) 6.74300232183881e-05 -9.36653907019393e-06 3.94324615784566e-05 -3.49215932721821e-05 2.33438197516226e-06 -1.70627789052816e-06 3.4397304591602e-06
covarage -9.36653907019393e-06 0.000186722489973288 0.000288054590412932 -0.000294993755193897 -3.83673341185021e-06 5.45252668675397e-06 -3.5688170486398e-06
covarsex 3.94324615784566e-05 0.000288054590412932 0.00093748591024035 -0.000898752341944921 -1.91748852889832e-06 3.12154719142342e-06 3.67245256425176e-06
covarage_sex -3.49215932721821e-05 -0.000294993755193897 -0.000898752341944921 0.000916262324868096 3.31826177884151e-06 -2.51077443230371e-06 -2.00905847600542e-06
covarPC_3 2.33438197516226e-06 -3.83673341185021e-06 -1.91748852889832e-06 3.31826177884151e-06 5.56935166653564e-05 1.20195385143321e-06 7.75807266102113e-07
covarPC_4 -1.70627789052816e-06 5.45252668675397e-06 3.12154719142342e-06 -2.51077443230371e-06 1.20195385143321e-06 6.11185530838148e-05 1.8208828743445e-06
proband 3.4397304591602e-06 -3.5688170486398e-06 3.67245256425176e-06 -2.00905847600542e-06 7.75807266102113e-07 1.8208828743445e-06 5.95130503349528e-05
