(Intercept) covarage covarsex covarpcs.V3 covarpcs.V4 proband
(Intercept) 0.000515227939362181 0.000143398064280031 8.45888187272997e-06 1.8509328741152e-05 6.81015574419276e-06 7.39708924209869e-06
covarage 0.000143398064280031 0.000531738625503709 2.46949405028454e-05 3.53635118365553e-06 2.60401064145336e-05 -4.19285169478096e-05
covarsex 8.45888187272997e-06 2.46949405028454e-05 0.000413034069992403 -1.13276208047275e-05 6.03668684009766e-06 -2.5343064009421e-05
covarpcs.V3 1.8509328741152e-05 3.53635118365553e-06 -1.13276208047275e-05 0.000471110969329238 3.56649285812145e-05 5.30942796418181e-05
covarpcs.V4 6.81015574419276e-06 2.60401064145336e-05 6.03668684009766e-06 3.56649285812145e-05 0.000444640089578452 -3.68612113802426e-05
proband 7.39708924209869e-06 -4.19285169478096e-05 -2.5343064009421e-05 5.30942796418181e-05 -3.68612113802426e-05 0.000476660099370824
